,id,predicted
0,a/C_color_0_0002.png,a
1,a/C_color_0_0003.png,a
2,a/C_color_0_0004.png,a
3,a/C_color_0_0005.png,a
4,a/C_color_0_0006.png,a
5,a/C_color_0_0007.png,a
6,a/C_color_0_0008.png,a
7,a/C_color_0_0009.png,a
8,a/C_color_0_0010.png,a
9,a/C_color_0_0011.png,a
10,a/C_color_0_0012.png,a
11,a/C_color_0_0013.png,a
12,a/C_color_0_0014.png,a
13,a/C_color_0_0015.png,a
14,a/C_color_0_0016.png,a
15,a/C_color_0_0017.png,a
16,a/C_color_0_0018.png,a
17,a/C_color_0_0019.png,a
18,a/C_color_0_0020.png,a
19,a/C_color_0_0021.png,a
20,a/C_color_0_0022.png,a
21,a/C_color_0_0023.png,a
22,a/C_color_0_0024.png,a
23,a/C_color_0_0025.png,a
24,a/C_color_0_0026.png,a
25,a/C_color_0_0027.png,a
26,a/C_color_0_0028.png,a
27,a/C_color_0_0029.png,a
28,a/C_color_0_0030.png,a
29,a/C_color_0_0031.png,a
30,a/C_color_0_0032.png,a
31,a/C_color_0_0033.png,a
32,a/C_color_0_0034.png,a
33,a/C_color_0_0035.png,a
34,a/C_color_0_0036.png,a
35,a/C_color_0_0037.png,a
36,a/C_color_0_0038.png,a
37,a/C_color_0_0039.png,a
38,a/C_color_0_0040.png,a
39,a/C_color_0_0041.png,a
40,a/C_color_0_0042.png,a
41,a/C_color_0_0043.png,a
42,a/C_color_0_0044.png,a
43,a/C_color_0_0045.png,a
44,a/C_color_0_0046.png,a
45,a/C_color_0_0047.png,a
46,a/C_color_0_0048.png,a
47,a/C_color_0_0049.png,a
48,a/C_color_0_0050.png,a
49,a/C_color_0_0051.png,a
50,a/C_color_0_0052.png,a
51,a/C_color_0_0053.png,a
52,a/C_color_0_0054.png,a
53,a/C_color_0_0055.png,a
54,a/C_color_0_0056.png,a
55,a/C_color_0_0057.png,a
56,a/C_color_0_0058.png,a
57,a/C_color_0_0059.png,a
58,a/C_color_0_0060.png,a
59,a/C_color_0_0061.png,a
60,a/C_color_0_0062.png,a
61,a/C_color_0_0063.png,a
62,a/C_color_0_0064.png,a
63,a/C_color_0_0065.png,a
64,a/C_color_0_0066.png,a
65,a/C_color_0_0067.png,a
66,a/C_color_0_0068.png,a
67,a/C_color_0_0069.png,a
68,a/C_color_0_0070.png,a
69,a/C_color_0_0071.png,a
70,a/C_color_0_0072.png,a
71,a/C_color_0_0073.png,a
72,a/C_color_0_0074.png,a
73,a/C_color_0_0075.png,a
74,a/C_color_0_0076.png,a
75,a/C_color_0_0077.png,a
76,a/C_color_0_0078.png,a
77,a/C_color_0_0079.png,a
78,a/C_color_0_0080.png,a
79,a/C_color_0_0081.png,a
80,a/C_color_0_0082.png,a
81,a/C_color_0_0083.png,a
82,a/C_color_0_0084.png,a
83,a/C_color_0_0085.png,a
84,a/C_color_0_0086.png,a
85,a/C_color_0_0087.png,a
86,a/C_color_0_0088.png,a
87,a/C_color_0_0089.png,a
88,a/C_color_0_0090.png,a
89,a/C_color_0_0091.png,a
90,a/C_color_0_0092.png,a
91,a/C_color_0_0093.png,a
92,a/C_color_0_0094.png,a
93,a/C_color_0_0095.png,a
94,a/C_color_0_0096.png,a
95,a/C_color_0_0097.png,a
96,a/C_color_0_0098.png,a
97,a/C_color_0_0099.png,a
98,a/C_color_0_0100.png,a
99,a/C_color_0_0101.png,a
100,a/C_color_0_0102.png,a
101,a/C_color_0_0103.png,a
102,a/C_color_0_0104.png,a
103,a/C_color_0_0105.png,a
104,a/C_color_0_0106.png,a
105,a/C_color_0_0107.png,a
106,a/C_color_0_0108.png,a
107,a/C_color_0_0109.png,a
108,a/C_color_0_0110.png,a
109,a/C_color_0_0111.png,a
110,a/C_color_0_0112.png,a
111,a/C_color_0_0113.png,a
112,a/C_color_0_0114.png,a
113,a/C_color_0_0115.png,a
114,a/C_color_0_0116.png,a
115,a/C_color_0_0117.png,a
116,a/C_color_0_0118.png,a
117,a/C_color_0_0119.png,a
118,a/C_color_0_0120.png,a
119,a/C_color_0_0121.png,a
120,a/C_color_0_0122.png,a
121,a/C_color_0_0123.png,a
122,a/C_color_0_0124.png,a
123,a/C_color_0_0125.png,a
124,a/C_color_0_0126.png,a
125,a/C_color_0_0127.png,a
126,a/C_color_0_0128.png,a
127,a/C_color_0_0129.png,a
128,a/C_color_0_0130.png,a
129,a/C_color_0_0131.png,a
130,a/C_color_0_0132.png,a
131,a/C_color_0_0133.png,a
132,a/C_color_0_0134.png,a
133,a/C_color_0_0135.png,a
134,a/C_color_0_0136.png,a
135,a/C_color_0_0137.png,a
136,a/C_color_0_0138.png,a
137,a/C_color_0_0139.png,a
138,a/C_color_0_0140.png,a
139,a/C_color_0_0141.png,a
140,a/C_color_0_0142.png,a
141,a/C_color_0_0143.png,a
142,a/C_color_0_0144.png,a
143,a/C_color_0_0145.png,a
144,a/C_color_0_0146.png,a
145,a/C_color_0_0147.png,a
146,a/C_color_0_0148.png,a
147,a/C_color_0_0149.png,a
148,a/C_color_0_0150.png,a
149,a/C_color_0_0151.png,a
150,a/C_color_0_0152.png,a
151,a/C_color_0_0153.png,a
152,a/C_color_0_0154.png,a
153,a/C_color_0_0155.png,a
154,a/C_color_0_0156.png,a
155,a/C_color_0_0157.png,a
156,a/C_color_0_0158.png,a
157,a/C_color_0_0159.png,a
158,a/C_color_0_0160.png,a
159,a/C_color_0_0161.png,a
160,a/C_color_0_0162.png,a
161,a/C_color_0_0163.png,a
162,a/C_color_0_0164.png,a
163,a/C_color_0_0165.png,a
164,a/C_color_0_0166.png,a
165,a/C_color_0_0167.png,a
166,a/C_color_0_0168.png,q
167,a/C_color_0_0169.png,a
168,a/C_color_0_0170.png,a
169,a/C_color_0_0171.png,a
170,a/C_color_0_0172.png,q
171,a/C_color_0_0173.png,a
172,a/C_color_0_0174.png,q
173,a/C_color_0_0175.png,q
174,a/C_color_0_0176.png,a
175,a/C_color_0_0177.png,a
176,a/C_color_0_0178.png,x
177,a/C_color_0_0179.png,a
178,a/C_color_0_0180.png,a
179,a/C_color_0_0181.png,a
180,a/C_color_0_0182.png,a
181,a/C_color_0_0183.png,a
182,a/C_color_0_0184.png,a
183,a/C_color_0_0185.png,a
184,a/C_color_0_0186.png,a
185,a/C_color_0_0187.png,a
186,a/C_color_0_0188.png,a
187,a/C_color_0_0189.png,a
188,a/C_color_0_0190.png,a
189,a/C_color_0_0191.png,a
190,a/C_color_0_0192.png,a
191,a/C_color_0_0193.png,a
192,a/C_color_0_0194.png,a
193,a/C_color_0_0195.png,a
194,a/C_color_0_0196.png,a
195,a/C_color_0_0197.png,a
196,a/C_color_0_0198.png,a
197,a/C_color_0_0199.png,a
198,a/C_color_0_0200.png,a
199,a/C_color_0_0201.png,a
200,a/C_color_0_0202.png,x
201,a/C_color_0_0203.png,a
202,a/C_color_0_0204.png,a
203,a/C_color_0_0205.png,a
204,a/C_color_0_0206.png,a
205,a/C_color_0_0207.png,a
206,a/C_color_0_0208.png,a
207,a/C_color_0_0209.png,a
208,a/C_color_0_0210.png,a
209,a/C_color_0_0211.png,a
210,a/C_color_0_0212.png,a
211,a/C_color_0_0213.png,a
212,a/C_color_0_0214.png,a
213,a/C_color_0_0215.png,a
214,a/C_color_0_0216.png,a
215,a/C_color_0_0217.png,a
216,a/C_color_0_0218.png,a
217,a/C_color_0_0219.png,a
218,a/C_color_0_0220.png,a
219,a/C_color_0_0221.png,a
220,a/C_color_0_0222.png,a
221,a/C_color_0_0223.png,a
222,a/C_color_0_0224.png,a
223,a/C_color_0_0225.png,a
224,a/C_color_0_0226.png,q
225,a/C_color_0_0227.png,q
226,a/C_color_0_0228.png,q
227,a/C_color_0_0229.png,q
228,a/C_color_0_0230.png,a
229,a/C_color_0_0231.png,a
230,a/C_color_0_0232.png,a
231,a/C_color_0_0233.png,a
232,a/C_color_0_0234.png,a
233,a/C_color_0_0235.png,a
234,a/C_color_0_0236.png,a
235,a/C_color_0_0237.png,a
236,a/C_color_0_0238.png,a
237,a/C_color_0_0239.png,a
238,a/C_color_0_0240.png,a
239,a/C_color_0_0241.png,a
240,a/C_color_0_0242.png,a
241,a/C_color_0_0243.png,a
242,a/C_color_0_0244.png,a
243,a/C_color_0_0245.png,a
244,a/C_color_0_0246.png,a
245,a/C_color_0_0247.png,a
246,a/C_color_0_0248.png,a
247,a/C_color_0_0249.png,a
248,a/C_color_0_0250.png,a
249,a/C_color_0_0251.png,a
250,a/C_color_0_0252.png,a
251,a/C_color_0_0253.png,a
252,a/C_color_0_0254.png,a
253,a/C_color_0_0255.png,a
254,a/C_color_0_0256.png,a
255,a/C_color_0_0257.png,a
256,a/C_color_0_0258.png,a
257,a/C_color_0_0259.png,a
258,a/C_color_0_0260.png,a
259,a/C_color_0_0261.png,a
260,a/C_color_0_0262.png,a
261,a/C_color_0_0263.png,a
262,a/C_color_0_0264.png,a
263,a/C_color_0_0265.png,a
264,a/C_color_0_0266.png,a
265,a/C_color_0_0267.png,a
266,a/C_color_0_0268.png,a
267,a/C_color_0_0269.png,a
268,a/C_color_0_0270.png,a
269,a/C_color_0_0271.png,a
270,a/C_color_0_0272.png,a
271,a/C_color_0_0273.png,a
272,a/C_color_0_0274.png,a
273,a/C_color_0_0275.png,a
274,a/C_color_0_0276.png,a
275,a/C_color_0_0277.png,a
276,a/C_color_0_0278.png,a
277,a/C_color_0_0279.png,a
278,a/C_color_0_0280.png,a
279,a/C_color_0_0281.png,a
280,a/C_color_0_0282.png,a
281,a/C_color_0_0283.png,a
282,a/C_color_0_0284.png,a
283,a/C_color_0_0285.png,a
284,a/C_color_0_0286.png,a
285,a/C_color_0_0287.png,a
286,a/C_color_0_0288.png,a
287,a/C_color_0_0289.png,a
288,a/C_color_0_0290.png,a
289,a/C_color_0_0291.png,a
290,a/C_color_0_0292.png,a
291,a/C_color_0_0293.png,a
292,a/C_color_0_0294.png,a
293,a/C_color_0_0295.png,a
294,a/C_color_0_0296.png,a
295,a/C_color_0_0297.png,a
296,a/C_color_0_0298.png,a
297,a/C_color_0_0299.png,a
298,a/C_color_0_0300.png,a
299,a/C_color_0_0301.png,a
300,a/C_color_0_0302.png,a
301,a/C_color_0_0303.png,a
302,a/C_color_0_0304.png,a
303,a/C_color_0_0305.png,a
304,a/C_color_0_0306.png,a
305,a/C_color_0_0307.png,t
306,a/C_color_0_0308.png,t
307,a/C_color_0_0309.png,t
308,a/C_color_0_0310.png,t
309,a/C_color_0_0311.png,t
310,a/C_color_0_0312.png,t
311,a/C_color_0_0313.png,a
312,a/C_color_0_0314.png,a
313,a/C_color_0_0315.png,a
314,a/C_color_0_0316.png,a
315,a/C_color_0_0317.png,a
316,a/C_color_0_0318.png,a
317,a/C_color_0_0319.png,a
318,a/C_color_0_0320.png,a
319,a/C_color_0_0321.png,a
320,a/C_color_0_0322.png,a
321,a/C_color_0_0323.png,a
322,a/C_color_0_0324.png,a
323,a/C_color_0_0325.png,a
324,a/C_color_0_0326.png,a
325,a/C_color_0_0327.png,a
326,a/C_color_0_0328.png,a
327,a/C_color_0_0329.png,a
328,a/C_color_0_0330.png,a
329,a/C_color_0_0331.png,a
330,a/C_color_0_0332.png,a
331,a/C_color_0_0333.png,a
332,a/C_color_0_0334.png,a
333,a/C_color_0_0335.png,a
334,a/C_color_0_0336.png,a
335,a/C_color_0_0337.png,a
336,a/C_color_0_0338.png,a
337,a/C_color_0_0339.png,a
338,a/C_color_0_0340.png,a
339,a/C_color_0_0341.png,a
340,a/C_color_0_0342.png,a
341,a/C_color_0_0343.png,a
342,a/C_color_0_0344.png,a
343,a/C_color_0_0345.png,a
344,a/C_color_0_0346.png,a
345,a/C_color_0_0347.png,a
346,a/C_color_0_0348.png,a
347,a/C_color_0_0349.png,a
348,a/C_color_0_0350.png,a
349,a/C_color_0_0351.png,a
350,a/C_color_0_0352.png,a
351,a/C_color_0_0353.png,a
352,a/C_color_0_0354.png,a
353,a/C_color_0_0355.png,a
354,a/C_color_0_0356.png,a
355,a/C_color_0_0357.png,a
356,a/C_color_0_0358.png,a
357,a/C_color_0_0359.png,a
358,a/C_color_0_0360.png,a
359,a/C_color_0_0361.png,a
360,a/C_color_0_0362.png,a
361,a/C_color_0_0363.png,a
362,a/C_color_0_0364.png,a
363,a/C_color_0_0365.png,a
364,a/C_color_0_0366.png,a
365,a/C_color_0_0367.png,a
366,a/C_color_0_0368.png,a
367,a/C_color_0_0369.png,a
368,a/C_color_0_0370.png,a
369,a/C_color_0_0371.png,a
370,a/C_color_0_0372.png,a
371,a/C_color_0_0373.png,a
372,a/C_color_0_0374.png,a
373,a/C_color_0_0375.png,a
374,a/C_color_0_0376.png,a
375,a/C_color_0_0377.png,a
376,a/C_color_0_0378.png,a
377,a/C_color_0_0379.png,a
378,a/C_color_0_0380.png,a
379,a/C_color_0_0381.png,a
380,a/C_color_0_0382.png,a
381,a/C_color_0_0383.png,a
382,a/C_color_0_0384.png,a
383,a/C_color_0_0385.png,a
384,a/C_color_0_0386.png,a
385,a/C_color_0_0387.png,a
386,a/C_color_0_0388.png,a
387,a/C_color_0_0389.png,a
388,a/C_color_0_0390.png,a
389,a/C_color_0_0391.png,a
390,a/C_color_0_0392.png,a
391,a/C_color_0_0393.png,a
392,a/C_color_0_0394.png,a
393,a/C_color_0_0395.png,a
394,a/C_color_0_0396.png,a
395,a/C_color_0_0397.png,a
396,a/C_color_0_0398.png,a
397,a/C_color_0_0399.png,a
398,a/C_color_0_0400.png,a
399,a/C_color_0_0401.png,a
400,a/C_color_0_0402.png,a
401,a/C_color_0_0403.png,a
402,a/C_color_0_0404.png,a
403,a/C_color_0_0405.png,a
404,a/C_color_0_0406.png,a
405,a/C_color_0_0407.png,a
406,a/C_color_0_0408.png,a
407,a/C_color_0_0409.png,a
408,a/C_color_0_0410.png,a
409,a/C_color_0_0411.png,a
410,a/C_color_0_0412.png,a
411,a/C_color_0_0413.png,a
412,a/C_color_0_0414.png,a
413,a/C_color_0_0415.png,a
414,a/C_color_0_0416.png,a
415,a/C_color_0_0417.png,a
416,a/C_color_0_0418.png,a
417,a/C_color_0_0419.png,a
418,a/C_color_0_0420.png,a
419,a/C_color_0_0421.png,a
420,a/C_color_0_0422.png,a
421,a/C_color_0_0423.png,a
422,a/C_color_0_0424.png,a
423,a/C_color_0_0425.png,a
424,a/C_color_0_0426.png,a
425,a/C_color_0_0427.png,a
426,a/C_color_0_0428.png,a
427,a/C_color_0_0429.png,a
428,a/C_color_0_0430.png,a
429,a/C_color_0_0431.png,a
430,a/C_color_0_0432.png,a
431,a/C_color_0_0433.png,a
432,a/C_color_0_0434.png,a
433,a/C_color_0_0435.png,a
434,a/C_color_0_0436.png,a
435,a/C_color_0_0437.png,a
436,a/C_color_0_0438.png,a
437,a/C_color_0_0439.png,a
438,a/C_color_0_0440.png,a
439,a/C_color_0_0441.png,a
440,a/C_color_0_0442.png,a
441,a/C_color_0_0443.png,a
442,a/C_color_0_0444.png,a
443,a/C_color_0_0445.png,a
444,a/C_color_0_0446.png,a
445,a/C_color_0_0447.png,a
446,a/C_color_0_0448.png,a
447,a/C_color_0_0449.png,a
448,a/C_color_0_0450.png,a
449,a/C_color_0_0451.png,a
450,a/C_color_0_0452.png,a
451,a/C_color_0_0453.png,a
452,a/C_color_0_0454.png,a
453,a/C_color_0_0455.png,a
454,a/C_color_0_0456.png,a
455,a/C_color_0_0457.png,a
456,a/C_color_0_0458.png,a
457,a/C_color_0_0459.png,a
458,a/C_color_0_0460.png,a
459,a/C_color_0_0461.png,a
460,a/C_color_0_0462.png,a
461,a/C_color_0_0463.png,a
462,a/C_color_0_0464.png,a
463,a/C_color_0_0465.png,a
464,a/C_color_0_0466.png,a
465,a/C_color_0_0467.png,a
466,a/C_color_0_0468.png,a
467,a/C_color_0_0469.png,a
468,a/C_color_0_0470.png,a
469,a/C_color_0_0471.png,a
470,a/C_color_0_0472.png,a
471,a/C_color_0_0473.png,a
472,a/C_color_0_0474.png,a
473,a/C_color_0_0475.png,a
474,a/C_color_0_0476.png,a
475,a/C_color_0_0477.png,a
476,a/C_color_0_0478.png,l
477,a/C_color_0_0479.png,a
478,a/C_color_0_0480.png,l
479,a/C_color_0_0481.png,a
480,a/C_color_0_0482.png,l
481,a/C_color_0_0483.png,l
482,a/C_color_0_0484.png,l
483,a/C_color_0_0485.png,t
484,a/C_color_0_0486.png,t
485,a/C_color_0_0487.png,t
486,a/C_color_0_0488.png,a
487,a/C_color_0_0489.png,a
488,a/C_color_0_0490.png,a
489,a/C_color_0_0491.png,a
490,a/C_color_0_0492.png,t
491,a/C_color_0_0493.png,a
492,a/C_color_0_0494.png,a
493,a/C_color_0_0495.png,a
494,a/C_color_0_0496.png,a
495,a/C_color_0_0497.png,t
496,a/C_color_0_0498.png,t
497,a/C_color_0_0499.png,t
498,a/C_color_0_0500.png,t
499,a/C_color_0_0501.png,t
500,a/C_color_0_0502.png,t
501,a/C_color_0_0503.png,t
502,a/C_color_0_0504.png,t
503,a/C_color_0_0505.png,t
504,a/C_color_0_0506.png,t
505,a/C_color_0_0507.png,t
506,a/C_color_0_0508.png,t
507,a/C_color_0_0509.png,t
508,a/C_color_0_0510.png,t
509,a/C_color_0_0511.png,t
510,a/C_color_0_0512.png,a
511,a/C_color_0_0513.png,a
512,a/C_color_0_0514.png,a
513,a/C_color_0_0515.png,a
514,a/C_color_0_0516.png,a
515,a/C_color_0_0517.png,a
516,a/C_color_0_0518.png,a
517,a/C_color_0_0519.png,a
518,a/C_color_0_0520.png,a
519,a/C_color_0_0521.png,a
520,a/C_color_0_0522.png,a
521,a/C_color_0_0523.png,a
522,a/C_color_0_0524.png,a
523,b/C_color_1_0002.png,b
524,b/C_color_1_0003.png,b
525,b/C_color_1_0004.png,b
526,b/C_color_1_0005.png,b
527,b/C_color_1_0006.png,b
528,b/C_color_1_0007.png,b
529,b/C_color_1_0008.png,b
530,b/C_color_1_0009.png,b
531,b/C_color_1_0010.png,b
532,b/C_color_1_0011.png,b
533,b/C_color_1_0012.png,b
534,b/C_color_1_0013.png,b
535,b/C_color_1_0014.png,b
536,b/C_color_1_0015.png,b
537,b/C_color_1_0016.png,b
538,b/C_color_1_0017.png,b
539,b/C_color_1_0018.png,b
540,b/C_color_1_0019.png,b
541,b/C_color_1_0020.png,b
542,b/C_color_1_0021.png,b
543,b/C_color_1_0022.png,b
544,b/C_color_1_0023.png,b
545,b/C_color_1_0024.png,b
546,b/C_color_1_0025.png,b
547,b/C_color_1_0026.png,b
548,b/C_color_1_0027.png,b
549,b/C_color_1_0028.png,b
550,b/C_color_1_0029.png,b
551,b/C_color_1_0030.png,b
552,b/C_color_1_0031.png,b
553,b/C_color_1_0032.png,b
554,b/C_color_1_0033.png,b
555,b/C_color_1_0034.png,b
556,b/C_color_1_0035.png,b
557,b/C_color_1_0036.png,b
558,b/C_color_1_0037.png,b
559,b/C_color_1_0038.png,b
560,b/C_color_1_0039.png,b
561,b/C_color_1_0040.png,b
562,b/C_color_1_0041.png,b
563,b/C_color_1_0042.png,b
564,b/C_color_1_0043.png,b
565,b/C_color_1_0044.png,b
566,b/C_color_1_0045.png,b
567,b/C_color_1_0046.png,b
568,b/C_color_1_0047.png,b
569,b/C_color_1_0048.png,b
570,b/C_color_1_0049.png,b
571,b/C_color_1_0050.png,b
572,b/C_color_1_0051.png,b
573,b/C_color_1_0052.png,b
574,b/C_color_1_0053.png,b
575,b/C_color_1_0054.png,b
576,b/C_color_1_0055.png,b
577,b/C_color_1_0056.png,b
578,b/C_color_1_0057.png,b
579,b/C_color_1_0058.png,b
580,b/C_color_1_0059.png,b
581,b/C_color_1_0060.png,b
582,b/C_color_1_0061.png,b
583,b/C_color_1_0062.png,b
584,b/C_color_1_0063.png,b
585,b/C_color_1_0064.png,b
586,b/C_color_1_0065.png,b
587,b/C_color_1_0066.png,b
588,b/C_color_1_0067.png,b
589,b/C_color_1_0068.png,b
590,b/C_color_1_0069.png,b
591,b/C_color_1_0070.png,b
592,b/C_color_1_0071.png,b
593,b/C_color_1_0072.png,b
594,b/C_color_1_0073.png,b
595,b/C_color_1_0074.png,b
596,b/C_color_1_0075.png,b
597,b/C_color_1_0076.png,b
598,b/C_color_1_0077.png,b
599,b/C_color_1_0078.png,b
600,b/C_color_1_0079.png,b
601,b/C_color_1_0080.png,b
602,b/C_color_1_0081.png,b
603,b/C_color_1_0082.png,b
604,b/C_color_1_0083.png,b
605,b/C_color_1_0084.png,b
606,b/C_color_1_0085.png,b
607,b/C_color_1_0086.png,b
608,b/C_color_1_0087.png,b
609,b/C_color_1_0088.png,b
610,b/C_color_1_0089.png,b
611,b/C_color_1_0090.png,b
612,b/C_color_1_0091.png,b
613,b/C_color_1_0092.png,b
614,b/C_color_1_0093.png,b
615,b/C_color_1_0094.png,b
616,b/C_color_1_0095.png,b
617,b/C_color_1_0096.png,b
618,b/C_color_1_0097.png,b
619,b/C_color_1_0098.png,b
620,b/C_color_1_0099.png,b
621,b/C_color_1_0100.png,b
622,b/C_color_1_0101.png,b
623,b/C_color_1_0102.png,b
624,b/C_color_1_0103.png,b
625,b/C_color_1_0104.png,b
626,b/C_color_1_0105.png,b
627,b/C_color_1_0106.png,b
628,b/C_color_1_0107.png,b
629,b/C_color_1_0108.png,b
630,b/C_color_1_0109.png,b
631,b/C_color_1_0110.png,b
632,b/C_color_1_0111.png,b
633,b/C_color_1_0112.png,b
634,b/C_color_1_0113.png,b
635,b/C_color_1_0114.png,b
636,b/C_color_1_0115.png,b
637,b/C_color_1_0116.png,b
638,b/C_color_1_0117.png,b
639,b/C_color_1_0118.png,b
640,b/C_color_1_0119.png,b
641,b/C_color_1_0120.png,b
642,b/C_color_1_0121.png,b
643,b/C_color_1_0122.png,b
644,b/C_color_1_0123.png,b
645,b/C_color_1_0124.png,b
646,b/C_color_1_0125.png,b
647,b/C_color_1_0126.png,b
648,b/C_color_1_0127.png,b
649,b/C_color_1_0128.png,b
650,b/C_color_1_0129.png,b
651,b/C_color_1_0130.png,b
652,b/C_color_1_0131.png,b
653,b/C_color_1_0132.png,b
654,b/C_color_1_0133.png,b
655,b/C_color_1_0134.png,b
656,b/C_color_1_0135.png,b
657,b/C_color_1_0136.png,b
658,b/C_color_1_0137.png,b
659,b/C_color_1_0138.png,b
660,b/C_color_1_0139.png,b
661,b/C_color_1_0140.png,b
662,b/C_color_1_0141.png,b
663,b/C_color_1_0142.png,b
664,b/C_color_1_0143.png,b
665,b/C_color_1_0144.png,b
666,b/C_color_1_0145.png,b
667,b/C_color_1_0146.png,b
668,b/C_color_1_0147.png,b
669,b/C_color_1_0148.png,b
670,b/C_color_1_0149.png,b
671,b/C_color_1_0150.png,b
672,b/C_color_1_0151.png,b
673,b/C_color_1_0152.png,b
674,b/C_color_1_0153.png,b
675,b/C_color_1_0154.png,b
676,b/C_color_1_0155.png,b
677,b/C_color_1_0156.png,b
678,b/C_color_1_0157.png,b
679,b/C_color_1_0158.png,b
680,b/C_color_1_0159.png,b
681,b/C_color_1_0160.png,b
682,b/C_color_1_0161.png,b
683,b/C_color_1_0162.png,b
684,b/C_color_1_0163.png,b
685,b/C_color_1_0164.png,b
686,b/C_color_1_0165.png,b
687,b/C_color_1_0166.png,b
688,b/C_color_1_0167.png,b
689,b/C_color_1_0168.png,b
690,b/C_color_1_0169.png,b
691,b/C_color_1_0170.png,b
692,b/C_color_1_0171.png,b
693,b/C_color_1_0172.png,b
694,b/C_color_1_0173.png,b
695,b/C_color_1_0174.png,b
696,b/C_color_1_0175.png,b
697,b/C_color_1_0176.png,b
698,b/C_color_1_0177.png,b
699,b/C_color_1_0178.png,b
700,b/C_color_1_0179.png,b
701,b/C_color_1_0180.png,b
702,b/C_color_1_0181.png,b
703,b/C_color_1_0182.png,b
704,b/C_color_1_0183.png,b
705,b/C_color_1_0184.png,b
706,b/C_color_1_0185.png,b
707,b/C_color_1_0186.png,b
708,b/C_color_1_0187.png,b
709,b/C_color_1_0188.png,b
710,b/C_color_1_0189.png,b
711,b/C_color_1_0190.png,b
712,b/C_color_1_0191.png,b
713,b/C_color_1_0192.png,b
714,b/C_color_1_0193.png,b
715,b/C_color_1_0194.png,b
716,b/C_color_1_0195.png,b
717,b/C_color_1_0196.png,b
718,b/C_color_1_0197.png,b
719,b/C_color_1_0198.png,b
720,b/C_color_1_0199.png,b
721,b/C_color_1_0200.png,b
722,b/C_color_1_0201.png,b
723,b/C_color_1_0202.png,b
724,b/C_color_1_0203.png,b
725,b/C_color_1_0204.png,b
726,b/C_color_1_0205.png,b
727,b/C_color_1_0206.png,b
728,b/C_color_1_0207.png,b
729,b/C_color_1_0208.png,b
730,b/C_color_1_0209.png,b
731,b/C_color_1_0210.png,b
732,b/C_color_1_0211.png,b
733,b/C_color_1_0212.png,b
734,b/C_color_1_0213.png,b
735,b/C_color_1_0214.png,b
736,b/C_color_1_0215.png,b
737,b/C_color_1_0216.png,b
738,b/C_color_1_0217.png,b
739,b/C_color_1_0218.png,b
740,b/C_color_1_0219.png,b
741,b/C_color_1_0220.png,b
742,b/C_color_1_0221.png,b
743,b/C_color_1_0222.png,b
744,b/C_color_1_0223.png,b
745,b/C_color_1_0224.png,b
746,b/C_color_1_0225.png,b
747,b/C_color_1_0226.png,b
748,b/C_color_1_0227.png,b
749,b/C_color_1_0228.png,b
750,b/C_color_1_0229.png,b
751,b/C_color_1_0230.png,b
752,b/C_color_1_0231.png,b
753,b/C_color_1_0232.png,b
754,b/C_color_1_0233.png,b
755,b/C_color_1_0234.png,b
756,b/C_color_1_0235.png,b
757,b/C_color_1_0236.png,b
758,b/C_color_1_0237.png,b
759,b/C_color_1_0238.png,b
760,b/C_color_1_0239.png,b
761,b/C_color_1_0240.png,b
762,b/C_color_1_0241.png,b
763,b/C_color_1_0242.png,b
764,b/C_color_1_0243.png,b
765,b/C_color_1_0244.png,b
766,b/C_color_1_0245.png,b
767,b/C_color_1_0246.png,b
768,b/C_color_1_0247.png,b
769,b/C_color_1_0248.png,b
770,b/C_color_1_0249.png,b
771,b/C_color_1_0250.png,b
772,b/C_color_1_0251.png,b
773,b/C_color_1_0252.png,b
774,b/C_color_1_0253.png,b
775,b/C_color_1_0254.png,b
776,b/C_color_1_0255.png,b
777,b/C_color_1_0256.png,b
778,b/C_color_1_0257.png,b
779,b/C_color_1_0258.png,b
780,b/C_color_1_0259.png,b
781,b/C_color_1_0260.png,b
782,b/C_color_1_0261.png,b
783,b/C_color_1_0262.png,b
784,b/C_color_1_0263.png,b
785,b/C_color_1_0264.png,b
786,b/C_color_1_0265.png,b
787,b/C_color_1_0266.png,b
788,b/C_color_1_0267.png,b
789,b/C_color_1_0268.png,b
790,b/C_color_1_0269.png,b
791,b/C_color_1_0270.png,b
792,b/C_color_1_0271.png,b
793,b/C_color_1_0272.png,b
794,b/C_color_1_0273.png,b
795,b/C_color_1_0274.png,b
796,b/C_color_1_0275.png,b
797,b/C_color_1_0276.png,b
798,b/C_color_1_0277.png,b
799,b/C_color_1_0278.png,b
800,b/C_color_1_0279.png,b
801,b/C_color_1_0280.png,b
802,b/C_color_1_0281.png,b
803,b/C_color_1_0282.png,b
804,b/C_color_1_0283.png,b
805,b/C_color_1_0284.png,b
806,b/C_color_1_0285.png,b
807,b/C_color_1_0286.png,b
808,b/C_color_1_0287.png,b
809,b/C_color_1_0288.png,b
810,b/C_color_1_0289.png,b
811,b/C_color_1_0290.png,b
812,b/C_color_1_0291.png,b
813,b/C_color_1_0292.png,b
814,b/C_color_1_0293.png,b
815,b/C_color_1_0294.png,b
816,b/C_color_1_0295.png,b
817,b/C_color_1_0296.png,b
818,b/C_color_1_0297.png,b
819,b/C_color_1_0298.png,b
820,b/C_color_1_0299.png,b
821,b/C_color_1_0300.png,b
822,b/C_color_1_0301.png,b
823,b/C_color_1_0302.png,b
824,b/C_color_1_0303.png,b
825,b/C_color_1_0304.png,b
826,b/C_color_1_0305.png,b
827,b/C_color_1_0306.png,b
828,b/C_color_1_0307.png,b
829,b/C_color_1_0308.png,b
830,b/C_color_1_0309.png,b
831,b/C_color_1_0310.png,b
832,b/C_color_1_0311.png,b
833,b/C_color_1_0312.png,b
834,b/C_color_1_0313.png,b
835,b/C_color_1_0314.png,b
836,b/C_color_1_0315.png,b
837,b/C_color_1_0316.png,b
838,b/C_color_1_0317.png,b
839,b/C_color_1_0318.png,b
840,b/C_color_1_0319.png,b
841,b/C_color_1_0320.png,b
842,b/C_color_1_0321.png,b
843,b/C_color_1_0322.png,b
844,b/C_color_1_0323.png,b
845,b/C_color_1_0324.png,b
846,b/C_color_1_0325.png,b
847,b/C_color_1_0326.png,b
848,b/C_color_1_0327.png,b
849,b/C_color_1_0328.png,b
850,b/C_color_1_0329.png,b
851,b/C_color_1_0330.png,b
852,b/C_color_1_0331.png,b
853,b/C_color_1_0332.png,b
854,b/C_color_1_0333.png,b
855,b/C_color_1_0334.png,b
856,b/C_color_1_0335.png,b
857,b/C_color_1_0336.png,b
858,b/C_color_1_0337.png,b
859,b/C_color_1_0338.png,b
860,b/C_color_1_0339.png,b
861,b/C_color_1_0340.png,b
862,b/C_color_1_0341.png,b
863,b/C_color_1_0342.png,b
864,b/C_color_1_0343.png,b
865,b/C_color_1_0344.png,b
866,b/C_color_1_0345.png,b
867,b/C_color_1_0346.png,b
868,b/C_color_1_0347.png,b
869,b/C_color_1_0348.png,b
870,b/C_color_1_0349.png,b
871,b/C_color_1_0350.png,b
872,b/C_color_1_0351.png,b
873,b/C_color_1_0352.png,b
874,b/C_color_1_0353.png,b
875,b/C_color_1_0354.png,b
876,b/C_color_1_0355.png,b
877,b/C_color_1_0356.png,b
878,b/C_color_1_0357.png,b
879,b/C_color_1_0358.png,b
880,b/C_color_1_0359.png,b
881,b/C_color_1_0360.png,b
882,b/C_color_1_0361.png,b
883,b/C_color_1_0362.png,b
884,b/C_color_1_0363.png,b
885,b/C_color_1_0364.png,b
886,b/C_color_1_0365.png,b
887,b/C_color_1_0366.png,b
888,b/C_color_1_0367.png,b
889,b/C_color_1_0368.png,b
890,b/C_color_1_0369.png,b
891,b/C_color_1_0370.png,b
892,b/C_color_1_0371.png,b
893,b/C_color_1_0372.png,b
894,b/C_color_1_0373.png,b
895,b/C_color_1_0374.png,b
896,b/C_color_1_0375.png,b
897,b/C_color_1_0376.png,b
898,b/C_color_1_0377.png,b
899,b/C_color_1_0378.png,b
900,b/C_color_1_0379.png,b
901,b/C_color_1_0380.png,b
902,b/C_color_1_0381.png,b
903,b/C_color_1_0382.png,b
904,b/C_color_1_0383.png,b
905,b/C_color_1_0384.png,b
906,b/C_color_1_0385.png,b
907,b/C_color_1_0386.png,b
908,b/C_color_1_0387.png,b
909,b/C_color_1_0388.png,b
910,b/C_color_1_0389.png,b
911,b/C_color_1_0390.png,b
912,b/C_color_1_0391.png,b
913,b/C_color_1_0392.png,b
914,b/C_color_1_0393.png,b
915,b/C_color_1_0394.png,b
916,b/C_color_1_0395.png,b
917,b/C_color_1_0396.png,b
918,b/C_color_1_0397.png,b
919,b/C_color_1_0398.png,b
920,b/C_color_1_0399.png,b
921,b/C_color_1_0400.png,b
922,b/C_color_1_0401.png,b
923,b/C_color_1_0402.png,b
924,b/C_color_1_0403.png,b
925,b/C_color_1_0404.png,b
926,b/C_color_1_0405.png,b
927,b/C_color_1_0406.png,b
928,b/C_color_1_0407.png,b
929,b/C_color_1_0408.png,b
930,b/C_color_1_0409.png,b
931,b/C_color_1_0410.png,b
932,b/C_color_1_0411.png,b
933,b/C_color_1_0412.png,b
934,b/C_color_1_0413.png,b
935,b/C_color_1_0414.png,b
936,b/C_color_1_0415.png,b
937,b/C_color_1_0416.png,b
938,b/C_color_1_0417.png,b
939,b/C_color_1_0418.png,b
940,b/C_color_1_0419.png,b
941,b/C_color_1_0420.png,b
942,b/C_color_1_0421.png,b
943,b/C_color_1_0422.png,b
944,b/C_color_1_0423.png,b
945,b/C_color_1_0424.png,b
946,b/C_color_1_0425.png,b
947,b/C_color_1_0426.png,b
948,b/C_color_1_0427.png,b
949,b/C_color_1_0428.png,b
950,b/C_color_1_0429.png,b
951,b/C_color_1_0430.png,b
952,b/C_color_1_0431.png,b
953,b/C_color_1_0432.png,b
954,b/C_color_1_0433.png,b
955,b/C_color_1_0434.png,b
956,b/C_color_1_0435.png,b
957,b/C_color_1_0436.png,b
958,b/C_color_1_0437.png,b
959,b/C_color_1_0438.png,b
960,b/C_color_1_0439.png,b
961,b/C_color_1_0440.png,b
962,b/C_color_1_0441.png,b
963,b/C_color_1_0442.png,b
964,b/C_color_1_0443.png,b
965,b/C_color_1_0444.png,b
966,b/C_color_1_0445.png,b
967,b/C_color_1_0446.png,b
968,b/C_color_1_0447.png,b
969,b/C_color_1_0448.png,b
970,b/C_color_1_0449.png,b
971,b/C_color_1_0450.png,b
972,b/C_color_1_0451.png,b
973,b/C_color_1_0452.png,b
974,b/C_color_1_0453.png,b
975,b/C_color_1_0454.png,b
976,b/C_color_1_0455.png,b
977,b/C_color_1_0456.png,b
978,b/C_color_1_0457.png,b
979,b/C_color_1_0458.png,b
980,b/C_color_1_0459.png,b
981,b/C_color_1_0460.png,b
982,b/C_color_1_0461.png,b
983,b/C_color_1_0462.png,b
984,b/C_color_1_0463.png,b
985,b/C_color_1_0464.png,b
986,b/C_color_1_0465.png,b
987,b/C_color_1_0466.png,b
988,b/C_color_1_0467.png,b
989,b/C_color_1_0468.png,b
990,b/C_color_1_0469.png,b
991,b/C_color_1_0470.png,b
992,b/C_color_1_0471.png,b
993,b/C_color_1_0472.png,b
994,b/C_color_1_0473.png,b
995,b/C_color_1_0474.png,b
996,b/C_color_1_0475.png,b
997,b/C_color_1_0476.png,b
998,b/C_color_1_0477.png,b
999,b/C_color_1_0478.png,b
1000,b/C_color_1_0479.png,b
1001,b/C_color_1_0480.png,b
1002,b/C_color_1_0481.png,b
1003,b/C_color_1_0482.png,b
1004,b/C_color_1_0483.png,b
1005,b/C_color_1_0484.png,b
1006,b/C_color_1_0485.png,b
1007,b/C_color_1_0486.png,b
1008,b/C_color_1_0487.png,b
1009,b/C_color_1_0488.png,b
1010,b/C_color_1_0489.png,b
1011,b/C_color_1_0490.png,b
1012,b/C_color_1_0491.png,b
1013,b/C_color_1_0492.png,b
1014,b/C_color_1_0493.png,b
1015,b/C_color_1_0494.png,b
1016,b/C_color_1_0495.png,b
1017,b/C_color_1_0496.png,b
1018,b/C_color_1_0497.png,b
1019,b/C_color_1_0498.png,b
1020,b/C_color_1_0499.png,b
1021,b/C_color_1_0500.png,b
1022,b/C_color_1_0501.png,b
1023,b/C_color_1_0502.png,b
1024,b/C_color_1_0503.png,b
1025,b/C_color_1_0504.png,b
1026,b/C_color_1_0505.png,b
1027,b/C_color_1_0506.png,b
1028,b/C_color_1_0507.png,b
1029,b/C_color_1_0508.png,b
1030,b/C_color_1_0509.png,b
1031,b/C_color_1_0510.png,b
1032,b/C_color_1_0511.png,b
1033,b/C_color_1_0512.png,b
1034,b/C_color_1_0513.png,b
1035,b/C_color_1_0514.png,b
1036,b/C_color_1_0515.png,b
1037,b/C_color_1_0516.png,b
1038,b/C_color_1_0517.png,b
1039,b/C_color_1_0518.png,b
1040,b/C_color_1_0519.png,b
1041,b/C_color_1_0520.png,b
1042,b/C_color_1_0521.png,b
1043,b/C_color_1_0522.png,b
1044,b/C_color_1_0523.png,b
1045,b/C_color_1_0524.png,b
1046,b/C_color_1_0525.png,b
1047,b/C_color_1_0526.png,b
1048,b/C_color_1_0527.png,b
1049,b/C_color_1_0528.png,b
1050,b/C_color_1_0529.png,b
1051,b/C_color_1_0530.png,b
1052,b/C_color_1_0531.png,b
1053,b/C_color_1_0532.png,b
1054,b/C_color_1_0533.png,b
1055,c/C_color_2_0002.png,c
1056,c/C_color_2_0003.png,c
1057,c/C_color_2_0004.png,c
1058,c/C_color_2_0005.png,c
1059,c/C_color_2_0006.png,c
1060,c/C_color_2_0007.png,c
1061,c/C_color_2_0008.png,c
1062,c/C_color_2_0009.png,c
1063,c/C_color_2_0010.png,c
1064,c/C_color_2_0011.png,c
1065,c/C_color_2_0012.png,c
1066,c/C_color_2_0013.png,c
1067,c/C_color_2_0014.png,c
1068,c/C_color_2_0015.png,c
1069,c/C_color_2_0016.png,c
1070,c/C_color_2_0017.png,c
1071,c/C_color_2_0018.png,c
1072,c/C_color_2_0019.png,c
1073,c/C_color_2_0020.png,c
1074,c/C_color_2_0021.png,c
1075,c/C_color_2_0022.png,c
1076,c/C_color_2_0023.png,c
1077,c/C_color_2_0024.png,c
1078,c/C_color_2_0025.png,c
1079,c/C_color_2_0026.png,c
1080,c/C_color_2_0027.png,c
1081,c/C_color_2_0028.png,c
1082,c/C_color_2_0029.png,c
1083,c/C_color_2_0030.png,c
1084,c/C_color_2_0031.png,c
1085,c/C_color_2_0032.png,c
1086,c/C_color_2_0033.png,c
1087,c/C_color_2_0034.png,c
1088,c/C_color_2_0035.png,c
1089,c/C_color_2_0036.png,c
1090,c/C_color_2_0037.png,c
1091,c/C_color_2_0038.png,c
1092,c/C_color_2_0039.png,c
1093,c/C_color_2_0040.png,c
1094,c/C_color_2_0041.png,c
1095,c/C_color_2_0042.png,c
1096,c/C_color_2_0043.png,c
1097,c/C_color_2_0044.png,c
1098,c/C_color_2_0045.png,c
1099,c/C_color_2_0046.png,c
1100,c/C_color_2_0047.png,c
1101,c/C_color_2_0048.png,c
1102,c/C_color_2_0049.png,c
1103,c/C_color_2_0050.png,c
1104,c/C_color_2_0051.png,c
1105,c/C_color_2_0052.png,c
1106,c/C_color_2_0053.png,c
1107,c/C_color_2_0054.png,c
1108,c/C_color_2_0055.png,c
1109,c/C_color_2_0056.png,c
1110,c/C_color_2_0057.png,c
1111,c/C_color_2_0058.png,c
1112,c/C_color_2_0059.png,c
1113,c/C_color_2_0060.png,c
1114,c/C_color_2_0061.png,c
1115,c/C_color_2_0062.png,c
1116,c/C_color_2_0063.png,c
1117,c/C_color_2_0064.png,c
1118,c/C_color_2_0065.png,c
1119,c/C_color_2_0066.png,c
1120,c/C_color_2_0067.png,c
1121,c/C_color_2_0068.png,c
1122,c/C_color_2_0069.png,c
1123,c/C_color_2_0070.png,c
1124,c/C_color_2_0071.png,c
1125,c/C_color_2_0072.png,c
1126,c/C_color_2_0073.png,c
1127,c/C_color_2_0074.png,c
1128,c/C_color_2_0075.png,c
1129,c/C_color_2_0076.png,c
1130,c/C_color_2_0077.png,c
1131,c/C_color_2_0078.png,c
1132,c/C_color_2_0079.png,c
1133,c/C_color_2_0080.png,c
1134,c/C_color_2_0081.png,c
1135,c/C_color_2_0082.png,c
1136,c/C_color_2_0083.png,c
1137,c/C_color_2_0084.png,c
1138,c/C_color_2_0085.png,c
1139,c/C_color_2_0086.png,c
1140,c/C_color_2_0087.png,c
1141,c/C_color_2_0088.png,c
1142,c/C_color_2_0089.png,c
1143,c/C_color_2_0090.png,c
1144,c/C_color_2_0091.png,c
1145,c/C_color_2_0092.png,c
1146,c/C_color_2_0093.png,c
1147,c/C_color_2_0094.png,c
1148,c/C_color_2_0095.png,c
1149,c/C_color_2_0096.png,c
1150,c/C_color_2_0097.png,c
1151,c/C_color_2_0098.png,c
1152,c/C_color_2_0099.png,c
1153,c/C_color_2_0100.png,c
1154,c/C_color_2_0101.png,c
1155,c/C_color_2_0102.png,c
1156,c/C_color_2_0103.png,c
1157,c/C_color_2_0104.png,c
1158,c/C_color_2_0105.png,c
1159,c/C_color_2_0106.png,c
1160,c/C_color_2_0107.png,c
1161,c/C_color_2_0108.png,c
1162,c/C_color_2_0109.png,c
1163,c/C_color_2_0110.png,c
1164,c/C_color_2_0111.png,c
1165,c/C_color_2_0112.png,c
1166,c/C_color_2_0113.png,c
1167,c/C_color_2_0114.png,c
1168,c/C_color_2_0115.png,c
1169,c/C_color_2_0116.png,c
1170,c/C_color_2_0117.png,c
1171,c/C_color_2_0118.png,c
1172,c/C_color_2_0119.png,c
1173,c/C_color_2_0120.png,c
1174,c/C_color_2_0121.png,c
1175,c/C_color_2_0122.png,c
1176,c/C_color_2_0123.png,c
1177,c/C_color_2_0124.png,c
1178,c/C_color_2_0125.png,c
1179,c/C_color_2_0126.png,c
1180,c/C_color_2_0127.png,c
1181,c/C_color_2_0128.png,c
1182,c/C_color_2_0129.png,c
1183,c/C_color_2_0130.png,c
1184,c/C_color_2_0131.png,c
1185,c/C_color_2_0132.png,c
1186,c/C_color_2_0133.png,c
1187,c/C_color_2_0134.png,c
1188,c/C_color_2_0135.png,c
1189,c/C_color_2_0136.png,c
1190,c/C_color_2_0137.png,c
1191,c/C_color_2_0138.png,c
1192,c/C_color_2_0139.png,c
1193,c/C_color_2_0140.png,c
1194,c/C_color_2_0141.png,c
1195,c/C_color_2_0142.png,c
1196,c/C_color_2_0143.png,c
1197,c/C_color_2_0144.png,c
1198,c/C_color_2_0145.png,c
1199,c/C_color_2_0146.png,c
1200,c/C_color_2_0147.png,c
1201,c/C_color_2_0148.png,c
1202,c/C_color_2_0149.png,c
1203,c/C_color_2_0150.png,c
1204,c/C_color_2_0151.png,c
1205,c/C_color_2_0152.png,c
1206,c/C_color_2_0153.png,c
1207,c/C_color_2_0154.png,c
1208,c/C_color_2_0155.png,c
1209,c/C_color_2_0156.png,c
1210,c/C_color_2_0157.png,c
1211,c/C_color_2_0158.png,c
1212,c/C_color_2_0159.png,c
1213,c/C_color_2_0160.png,c
1214,c/C_color_2_0161.png,c
1215,c/C_color_2_0162.png,c
1216,c/C_color_2_0163.png,c
1217,c/C_color_2_0164.png,c
1218,c/C_color_2_0165.png,c
1219,c/C_color_2_0166.png,c
1220,c/C_color_2_0167.png,c
1221,c/C_color_2_0168.png,c
1222,c/C_color_2_0169.png,c
1223,c/C_color_2_0170.png,c
1224,c/C_color_2_0171.png,c
1225,c/C_color_2_0172.png,c
1226,c/C_color_2_0173.png,c
1227,c/C_color_2_0174.png,c
1228,c/C_color_2_0175.png,c
1229,c/C_color_2_0176.png,c
1230,c/C_color_2_0177.png,c
1231,c/C_color_2_0178.png,c
1232,c/C_color_2_0179.png,c
1233,c/C_color_2_0180.png,c
1234,c/C_color_2_0181.png,c
1235,c/C_color_2_0182.png,c
1236,c/C_color_2_0183.png,c
1237,c/C_color_2_0184.png,c
1238,c/C_color_2_0185.png,c
1239,c/C_color_2_0186.png,c
1240,c/C_color_2_0187.png,c
1241,c/C_color_2_0188.png,c
1242,c/C_color_2_0189.png,c
1243,c/C_color_2_0190.png,c
1244,c/C_color_2_0191.png,c
1245,c/C_color_2_0192.png,c
1246,c/C_color_2_0193.png,c
1247,c/C_color_2_0194.png,c
1248,c/C_color_2_0195.png,c
1249,c/C_color_2_0196.png,c
1250,c/C_color_2_0197.png,c
1251,c/C_color_2_0198.png,c
1252,c/C_color_2_0199.png,c
1253,c/C_color_2_0200.png,c
1254,c/C_color_2_0201.png,c
1255,c/C_color_2_0202.png,c
1256,c/C_color_2_0203.png,c
1257,c/C_color_2_0204.png,c
1258,c/C_color_2_0205.png,c
1259,c/C_color_2_0206.png,c
1260,c/C_color_2_0207.png,c
1261,c/C_color_2_0208.png,c
1262,c/C_color_2_0209.png,c
1263,c/C_color_2_0210.png,c
1264,c/C_color_2_0211.png,c
1265,c/C_color_2_0212.png,c
1266,c/C_color_2_0213.png,c
1267,c/C_color_2_0214.png,c
1268,c/C_color_2_0215.png,c
1269,c/C_color_2_0216.png,c
1270,c/C_color_2_0217.png,c
1271,c/C_color_2_0218.png,c
1272,c/C_color_2_0219.png,c
1273,c/C_color_2_0220.png,c
1274,c/C_color_2_0221.png,c
1275,c/C_color_2_0222.png,c
1276,c/C_color_2_0223.png,c
1277,c/C_color_2_0224.png,c
1278,c/C_color_2_0225.png,c
1279,c/C_color_2_0226.png,c
1280,c/C_color_2_0227.png,c
1281,c/C_color_2_0228.png,c
1282,c/C_color_2_0229.png,c
1283,c/C_color_2_0230.png,c
1284,c/C_color_2_0231.png,c
1285,c/C_color_2_0232.png,c
1286,c/C_color_2_0233.png,c
1287,c/C_color_2_0234.png,c
1288,c/C_color_2_0235.png,c
1289,c/C_color_2_0236.png,c
1290,c/C_color_2_0237.png,c
1291,c/C_color_2_0238.png,c
1292,c/C_color_2_0239.png,c
1293,c/C_color_2_0240.png,c
1294,c/C_color_2_0241.png,c
1295,c/C_color_2_0242.png,c
1296,c/C_color_2_0243.png,c
1297,c/C_color_2_0244.png,c
1298,c/C_color_2_0245.png,c
1299,c/C_color_2_0246.png,c
1300,c/C_color_2_0247.png,c
1301,c/C_color_2_0248.png,c
1302,c/C_color_2_0249.png,c
1303,c/C_color_2_0250.png,c
1304,c/C_color_2_0251.png,c
1305,c/C_color_2_0252.png,c
1306,c/C_color_2_0253.png,c
1307,c/C_color_2_0254.png,c
1308,c/C_color_2_0255.png,c
1309,c/C_color_2_0256.png,c
1310,c/C_color_2_0257.png,c
1311,c/C_color_2_0258.png,c
1312,c/C_color_2_0259.png,c
1313,c/C_color_2_0260.png,c
1314,c/C_color_2_0261.png,c
1315,c/C_color_2_0262.png,c
1316,c/C_color_2_0263.png,c
1317,c/C_color_2_0264.png,c
1318,c/C_color_2_0265.png,c
1319,c/C_color_2_0266.png,c
1320,c/C_color_2_0267.png,c
1321,c/C_color_2_0268.png,c
1322,c/C_color_2_0269.png,c
1323,c/C_color_2_0270.png,c
1324,c/C_color_2_0271.png,c
1325,c/C_color_2_0272.png,c
1326,c/C_color_2_0273.png,q
1327,c/C_color_2_0274.png,q
1328,c/C_color_2_0275.png,q
1329,c/C_color_2_0276.png,c
1330,c/C_color_2_0277.png,q
1331,c/C_color_2_0278.png,c
1332,c/C_color_2_0279.png,c
1333,c/C_color_2_0280.png,c
1334,c/C_color_2_0281.png,c
1335,c/C_color_2_0282.png,c
1336,c/C_color_2_0283.png,c
1337,c/C_color_2_0284.png,c
1338,c/C_color_2_0285.png,c
1339,c/C_color_2_0286.png,c
1340,c/C_color_2_0287.png,c
1341,c/C_color_2_0288.png,c
1342,c/C_color_2_0289.png,c
1343,c/C_color_2_0290.png,c
1344,c/C_color_2_0291.png,c
1345,c/C_color_2_0292.png,c
1346,c/C_color_2_0293.png,c
1347,c/C_color_2_0294.png,c
1348,c/C_color_2_0295.png,c
1349,c/C_color_2_0296.png,c
1350,c/C_color_2_0297.png,c
1351,c/C_color_2_0298.png,c
1352,c/C_color_2_0299.png,c
1353,c/C_color_2_0300.png,c
1354,c/C_color_2_0301.png,c
1355,c/C_color_2_0302.png,c
1356,c/C_color_2_0303.png,c
1357,c/C_color_2_0304.png,c
1358,c/C_color_2_0305.png,c
1359,c/C_color_2_0306.png,c
1360,c/C_color_2_0307.png,c
1361,c/C_color_2_0308.png,c
1362,c/C_color_2_0309.png,c
1363,c/C_color_2_0310.png,c
1364,c/C_color_2_0311.png,c
1365,c/C_color_2_0312.png,c
1366,c/C_color_2_0313.png,c
1367,c/C_color_2_0314.png,c
1368,c/C_color_2_0315.png,c
1369,c/C_color_2_0316.png,c
1370,c/C_color_2_0317.png,c
1371,c/C_color_2_0318.png,c
1372,c/C_color_2_0319.png,c
1373,c/C_color_2_0320.png,c
1374,c/C_color_2_0321.png,c
1375,c/C_color_2_0322.png,c
1376,c/C_color_2_0323.png,c
1377,c/C_color_2_0324.png,c
1378,c/C_color_2_0325.png,c
1379,c/C_color_2_0326.png,c
1380,c/C_color_2_0327.png,c
1381,c/C_color_2_0328.png,c
1382,c/C_color_2_0329.png,c
1383,c/C_color_2_0330.png,c
1384,c/C_color_2_0331.png,c
1385,c/C_color_2_0332.png,c
1386,c/C_color_2_0333.png,c
1387,c/C_color_2_0334.png,c
1388,c/C_color_2_0335.png,c
1389,c/C_color_2_0336.png,c
1390,c/C_color_2_0337.png,c
1391,c/C_color_2_0338.png,c
1392,c/C_color_2_0339.png,c
1393,c/C_color_2_0340.png,c
1394,c/C_color_2_0341.png,c
1395,c/C_color_2_0342.png,c
1396,c/C_color_2_0343.png,c
1397,c/C_color_2_0344.png,c
1398,c/C_color_2_0345.png,c
1399,c/C_color_2_0346.png,c
1400,c/C_color_2_0347.png,c
1401,c/C_color_2_0348.png,c
1402,c/C_color_2_0349.png,c
1403,c/C_color_2_0350.png,c
1404,c/C_color_2_0351.png,c
1405,c/C_color_2_0352.png,c
1406,c/C_color_2_0353.png,c
1407,c/C_color_2_0354.png,c
1408,c/C_color_2_0355.png,c
1409,c/C_color_2_0356.png,c
1410,c/C_color_2_0357.png,c
1411,c/C_color_2_0358.png,c
1412,c/C_color_2_0359.png,c
1413,c/C_color_2_0360.png,c
1414,c/C_color_2_0361.png,c
1415,c/C_color_2_0362.png,c
1416,c/C_color_2_0363.png,c
1417,c/C_color_2_0364.png,c
1418,c/C_color_2_0365.png,c
1419,c/C_color_2_0366.png,c
1420,c/C_color_2_0367.png,c
1421,c/C_color_2_0368.png,c
1422,c/C_color_2_0369.png,c
1423,c/C_color_2_0370.png,c
1424,c/C_color_2_0371.png,c
1425,c/C_color_2_0372.png,c
1426,c/C_color_2_0373.png,c
1427,c/C_color_2_0374.png,c
1428,c/C_color_2_0375.png,c
1429,c/C_color_2_0376.png,c
1430,c/C_color_2_0377.png,c
1431,c/C_color_2_0378.png,c
1432,c/C_color_2_0379.png,c
1433,c/C_color_2_0380.png,c
1434,c/C_color_2_0381.png,c
1435,c/C_color_2_0382.png,c
1436,c/C_color_2_0383.png,c
1437,c/C_color_2_0384.png,c
1438,c/C_color_2_0385.png,c
1439,c/C_color_2_0386.png,c
1440,c/C_color_2_0387.png,c
1441,c/C_color_2_0388.png,c
1442,c/C_color_2_0389.png,c
1443,c/C_color_2_0390.png,c
1444,c/C_color_2_0391.png,c
1445,c/C_color_2_0392.png,c
1446,c/C_color_2_0393.png,c
1447,c/C_color_2_0394.png,c
1448,c/C_color_2_0395.png,c
1449,c/C_color_2_0396.png,c
1450,c/C_color_2_0397.png,c
1451,c/C_color_2_0398.png,c
1452,c/C_color_2_0399.png,c
1453,c/C_color_2_0400.png,c
1454,c/C_color_2_0401.png,c
1455,c/C_color_2_0402.png,c
1456,c/C_color_2_0403.png,c
1457,c/C_color_2_0404.png,c
1458,c/C_color_2_0405.png,c
1459,c/C_color_2_0406.png,c
1460,c/C_color_2_0407.png,c
1461,c/C_color_2_0408.png,c
1462,c/C_color_2_0409.png,c
1463,c/C_color_2_0410.png,c
1464,c/C_color_2_0411.png,c
1465,c/C_color_2_0412.png,c
1466,c/C_color_2_0413.png,c
1467,c/C_color_2_0414.png,c
1468,c/C_color_2_0415.png,c
1469,c/C_color_2_0416.png,c
1470,c/C_color_2_0417.png,c
1471,c/C_color_2_0418.png,c
1472,c/C_color_2_0419.png,c
1473,c/C_color_2_0420.png,c
1474,c/C_color_2_0421.png,c
1475,c/C_color_2_0422.png,c
1476,c/C_color_2_0423.png,c
1477,c/C_color_2_0424.png,c
1478,c/C_color_2_0425.png,c
1479,c/C_color_2_0426.png,c
1480,c/C_color_2_0427.png,c
1481,c/C_color_2_0428.png,c
1482,c/C_color_2_0429.png,c
1483,c/C_color_2_0430.png,c
1484,c/C_color_2_0431.png,c
1485,c/C_color_2_0432.png,c
1486,c/C_color_2_0433.png,q
1487,c/C_color_2_0434.png,q
1488,c/C_color_2_0435.png,c
1489,c/C_color_2_0436.png,c
1490,c/C_color_2_0437.png,c
1491,c/C_color_2_0438.png,c
1492,c/C_color_2_0439.png,c
1493,c/C_color_2_0440.png,c
1494,c/C_color_2_0441.png,c
1495,c/C_color_2_0442.png,c
1496,c/C_color_2_0443.png,c
1497,c/C_color_2_0444.png,c
1498,c/C_color_2_0445.png,c
1499,c/C_color_2_0446.png,c
1500,c/C_color_2_0447.png,c
1501,c/C_color_2_0448.png,c
1502,c/C_color_2_0449.png,c
1503,c/C_color_2_0450.png,c
1504,c/C_color_2_0451.png,c
1505,c/C_color_2_0452.png,c
1506,c/C_color_2_0453.png,c
1507,c/C_color_2_0454.png,c
1508,c/C_color_2_0455.png,c
1509,c/C_color_2_0456.png,c
1510,c/C_color_2_0457.png,c
1511,c/C_color_2_0458.png,c
1512,c/C_color_2_0459.png,c
1513,c/C_color_2_0460.png,c
1514,c/C_color_2_0461.png,c
1515,c/C_color_2_0462.png,c
1516,c/C_color_2_0463.png,c
1517,c/C_color_2_0464.png,c
1518,c/C_color_2_0465.png,c
1519,c/C_color_2_0466.png,c
1520,c/C_color_2_0467.png,c
1521,c/C_color_2_0468.png,c
1522,c/C_color_2_0469.png,c
1523,c/C_color_2_0470.png,c
1524,c/C_color_2_0471.png,c
1525,c/C_color_2_0472.png,c
1526,c/C_color_2_0473.png,c
1527,c/C_color_2_0474.png,c
1528,c/C_color_2_0475.png,c
1529,c/C_color_2_0476.png,c
1530,c/C_color_2_0477.png,c
1531,c/C_color_2_0478.png,c
1532,c/C_color_2_0479.png,c
1533,c/C_color_2_0480.png,c
1534,c/C_color_2_0481.png,c
1535,c/C_color_2_0482.png,c
1536,c/C_color_2_0483.png,c
1537,c/C_color_2_0484.png,c
1538,c/C_color_2_0485.png,c
1539,c/C_color_2_0486.png,c
1540,c/C_color_2_0487.png,c
1541,c/C_color_2_0488.png,c
1542,c/C_color_2_0489.png,c
1543,c/C_color_2_0490.png,q
1544,c/C_color_2_0491.png,q
1545,c/C_color_2_0492.png,q
1546,c/C_color_2_0493.png,q
1547,c/C_color_2_0494.png,q
1548,c/C_color_2_0495.png,q
1549,c/C_color_2_0496.png,c
1550,c/C_color_2_0497.png,c
1551,c/C_color_2_0498.png,c
1552,c/C_color_2_0499.png,c
1553,c/C_color_2_0500.png,c
1554,c/C_color_2_0501.png,c
1555,c/C_color_2_0502.png,c
1556,c/C_color_2_0503.png,c
1557,c/C_color_2_0504.png,c
1558,c/C_color_2_0505.png,c
1559,c/C_color_2_0506.png,c
1560,c/C_color_2_0507.png,c
1561,c/C_color_2_0508.png,c
1562,c/C_color_2_0509.png,c
1563,c/C_color_2_0510.png,c
1564,c/C_color_2_0511.png,c
1565,c/C_color_2_0512.png,c
1566,c/C_color_2_0513.png,c
1567,c/C_color_2_0514.png,c
1568,c/C_color_2_0515.png,c
1569,c/C_color_2_0516.png,c
1570,c/C_color_2_0517.png,c
1571,c/C_color_2_0518.png,c
1572,c/C_color_2_0519.png,c
1573,c/C_color_2_0520.png,c
1574,c/C_color_2_0521.png,c
1575,c/C_color_2_0522.png,c
1576,c/C_color_2_0523.png,c
1577,c/C_color_2_0524.png,c
1578,c/C_color_2_0525.png,c
1579,c/C_color_2_0526.png,c
1580,c/C_color_2_0527.png,c
1581,c/C_color_2_0528.png,c
1582,c/C_color_2_0529.png,c
1583,c/C_color_2_0530.png,c
1584,c/C_color_2_0531.png,c
1585,c/C_color_2_0532.png,c
1586,c/C_color_2_0533.png,c
1587,c/C_color_2_0534.png,c
1588,c/C_color_2_0535.png,c
1589,c/C_color_2_0536.png,c
1590,c/C_color_2_0537.png,c
1591,c/C_color_2_0538.png,c
1592,c/C_color_2_0539.png,c
1593,c/C_color_2_0540.png,c
1594,c/C_color_2_0541.png,c
1595,c/C_color_2_0542.png,c
1596,c/C_color_2_0543.png,c
1597,c/C_color_2_0544.png,c
1598,c/C_color_2_0545.png,c
1599,c/C_color_2_0546.png,c
1600,c/C_color_2_0547.png,c
1601,c/C_color_2_0548.png,c
1602,c/C_color_2_0549.png,c
1603,c/C_color_2_0550.png,c
1604,c/C_color_2_0551.png,c
1605,c/C_color_2_0552.png,c
1606,c/C_color_2_0553.png,c
1607,c/C_color_2_0554.png,c
1608,c/C_color_2_0555.png,c
1609,c/C_color_2_0556.png,c
1610,c/C_color_2_0557.png,c
1611,c/C_color_2_0558.png,c
1612,c/C_color_2_0559.png,c
1613,c/C_color_2_0560.png,c
1614,c/C_color_2_0561.png,c
1615,c/C_color_2_0562.png,c
1616,c/C_color_2_0563.png,c
1617,c/C_color_2_0564.png,c
1618,c/C_color_2_0565.png,c
1619,c/C_color_2_0566.png,c
1620,c/C_color_2_0567.png,c
1621,c/C_color_2_0568.png,c
1622,c/C_color_2_0569.png,c
1623,c/C_color_2_0570.png,c
1624,c/C_color_2_0571.png,c
1625,c/C_color_2_0572.png,c
1626,c/C_color_2_0573.png,c
1627,c/C_color_2_0574.png,c
1628,c/C_color_2_0575.png,c
1629,c/C_color_2_0576.png,c
1630,c/C_color_2_0577.png,c
1631,c/C_color_2_0578.png,c
1632,c/C_color_2_0579.png,c
1633,c/C_color_2_0580.png,c
1634,c/C_color_2_0581.png,c
1635,c/C_color_2_0582.png,c
1636,c/C_color_2_0583.png,c
1637,c/C_color_2_0584.png,c
1638,c/C_color_2_0585.png,c
1639,c/C_color_2_0586.png,c
1640,c/C_color_2_0587.png,c
1641,c/C_color_2_0588.png,c
1642,c/C_color_2_0589.png,c
1643,c/C_color_2_0590.png,c
1644,c/C_color_2_0591.png,c
1645,c/C_color_2_0592.png,c
1646,c/C_color_2_0593.png,c
1647,c/C_color_2_0594.png,c
1648,c/C_color_2_0595.png,c
1649,c/C_color_2_0596.png,c
1650,c/C_color_2_0597.png,c
1651,c/C_color_2_0598.png,c
1652,c/C_color_2_0599.png,c
1653,c/C_color_2_0600.png,c
1654,c/C_color_2_0601.png,c
1655,c/C_color_2_0602.png,c
1656,c/C_color_2_0603.png,c
1657,c/C_color_2_0604.png,c
1658,c/C_color_2_0605.png,c
1659,c/C_color_2_0606.png,c
1660,c/C_color_2_0607.png,c
1661,c/C_color_2_0608.png,c
1662,c/C_color_2_0609.png,c
1663,c/C_color_2_0610.png,c
1664,c/C_color_2_0611.png,c
1665,c/C_color_2_0612.png,c
1666,c/C_color_2_0613.png,c
1667,c/C_color_2_0614.png,c
1668,c/C_color_2_0615.png,c
1669,c/C_color_2_0616.png,c
1670,c/C_color_2_0617.png,c
1671,c/C_color_2_0618.png,c
1672,c/C_color_2_0619.png,c
1673,c/C_color_2_0620.png,c
1674,c/C_color_2_0621.png,c
1675,c/C_color_2_0622.png,c
1676,c/C_color_2_0623.png,c
1677,c/C_color_2_0624.png,c
1678,c/C_color_2_0625.png,c
1679,c/C_color_2_0626.png,c
1680,c/C_color_2_0627.png,c
1681,c/C_color_2_0628.png,c
1682,c/C_color_2_0629.png,c
1683,c/C_color_2_0630.png,c
1684,c/C_color_2_0631.png,c
1685,c/C_color_2_0632.png,c
1686,c/C_color_2_0633.png,c
1687,c/C_color_2_0634.png,c
1688,c/C_color_2_0635.png,c
1689,c/C_color_2_0636.png,c
1690,c/C_color_2_0637.png,c
1691,c/C_color_2_0638.png,c
1692,c/C_color_2_0639.png,c
1693,c/C_color_2_0640.png,c
1694,c/C_color_2_0641.png,c
1695,c/C_color_2_0642.png,c
1696,c/C_color_2_0643.png,c
1697,c/C_color_2_0644.png,c
1698,c/C_color_2_0645.png,c
1699,c/C_color_2_0646.png,c
1700,c/C_color_2_0647.png,c
1701,c/C_color_2_0648.png,c
1702,c/C_color_2_0649.png,c
1703,c/C_color_2_0650.png,c
1704,c/C_color_2_0651.png,c
1705,c/C_color_2_0652.png,c
1706,c/C_color_2_0653.png,c
1707,c/C_color_2_0654.png,c
1708,c/C_color_2_0655.png,c
1709,c/C_color_2_0656.png,c
1710,c/C_color_2_0657.png,c
1711,c/C_color_2_0658.png,c
1712,c/C_color_2_0659.png,c
1713,c/C_color_2_0660.png,c
1714,c/C_color_2_0661.png,c
1715,c/C_color_2_0662.png,c
1716,c/C_color_2_0663.png,c
1717,c/C_color_2_0664.png,c
1718,c/C_color_2_0665.png,c
1719,c/C_color_2_0666.png,c
1720,c/C_color_2_0667.png,c
1721,c/C_color_2_0668.png,c
1722,c/C_color_2_0669.png,c
1723,c/C_color_2_0670.png,c
1724,c/C_color_2_0671.png,c
1725,c/C_color_2_0672.png,c
1726,c/C_color_2_0673.png,c
1727,c/C_color_2_0674.png,c
1728,c/C_color_2_0675.png,c
1729,c/C_color_2_0676.png,c
1730,c/C_color_2_0677.png,c
1731,c/C_color_2_0678.png,c
1732,c/C_color_2_0679.png,c
1733,c/C_color_2_0680.png,c
1734,c/C_color_2_0681.png,c
1735,c/C_color_2_0682.png,c
1736,c/C_color_2_0683.png,c
1737,c/C_color_2_0684.png,c
1738,c/C_color_2_0685.png,c
1739,c/C_color_2_0686.png,c
1740,c/C_color_2_0687.png,c
1741,c/C_color_2_0688.png,c
1742,c/C_color_2_0689.png,c
1743,c/C_color_2_0690.png,c
1744,c/C_color_2_0691.png,c
1745,c/C_color_2_0692.png,c
1746,c/C_color_2_0693.png,c
1747,c/C_color_2_0694.png,c
1748,c/C_color_2_0695.png,c
1749,c/C_color_2_0696.png,c
1750,c/C_color_2_0697.png,c
1751,c/C_color_2_0698.png,c
1752,c/C_color_2_0699.png,c
1753,c/C_color_2_0700.png,c
1754,c/C_color_2_0701.png,c
1755,c/C_color_2_0702.png,c
1756,c/C_color_2_0703.png,c
1757,c/C_color_2_0704.png,c
1758,c/C_color_2_0705.png,c
1759,c/C_color_2_0706.png,c
1760,c/C_color_2_0707.png,c
1761,c/C_color_2_0708.png,c
1762,c/C_color_2_0709.png,c
1763,c/C_color_2_0710.png,c
1764,c/C_color_2_0711.png,c
1765,c/C_color_2_0712.png,c
1766,c/C_color_2_0713.png,c
1767,c/C_color_2_0714.png,c
1768,c/C_color_2_0715.png,c
1769,c/C_color_2_0716.png,c
1770,c/C_color_2_0717.png,c
1771,c/C_color_2_0718.png,c
1772,c/C_color_2_0719.png,c
1773,c/C_color_2_0720.png,c
1774,c/C_color_2_0721.png,c
1775,c/C_color_2_0722.png,c
1776,c/C_color_2_0723.png,c
1777,c/C_color_2_0724.png,c
1778,c/C_color_2_0725.png,c
1779,c/C_color_2_0726.png,c
1780,c/C_color_2_0727.png,c
1781,c/C_color_2_0728.png,c
1782,c/C_color_2_0729.png,c
1783,c/C_color_2_0730.png,c
1784,c/C_color_2_0731.png,c
1785,c/C_color_2_0732.png,c
1786,c/C_color_2_0733.png,c
1787,c/C_color_2_0734.png,c
1788,c/C_color_2_0735.png,c
1789,c/C_color_2_0736.png,c
1790,c/C_color_2_0737.png,c
1791,c/C_color_2_0738.png,c
1792,c/C_color_2_0739.png,c
1793,c/C_color_2_0740.png,c
1794,c/C_color_2_0741.png,c
1795,c/C_color_2_0742.png,o
1796,c/C_color_2_0743.png,o
1797,d/C_color_3_0002.png,d
1798,d/C_color_3_0003.png,d
1799,d/C_color_3_0004.png,d
1800,d/C_color_3_0005.png,d
1801,d/C_color_3_0006.png,d
1802,d/C_color_3_0007.png,d
1803,d/C_color_3_0008.png,d
1804,d/C_color_3_0009.png,d
1805,d/C_color_3_0010.png,d
1806,d/C_color_3_0011.png,d
1807,d/C_color_3_0012.png,d
1808,d/C_color_3_0013.png,d
1809,d/C_color_3_0014.png,d
1810,d/C_color_3_0015.png,d
1811,d/C_color_3_0016.png,d
1812,d/C_color_3_0017.png,d
1813,d/C_color_3_0018.png,d
1814,d/C_color_3_0019.png,d
1815,d/C_color_3_0020.png,d
1816,d/C_color_3_0021.png,d
1817,d/C_color_3_0022.png,d
1818,d/C_color_3_0023.png,d
1819,d/C_color_3_0024.png,d
1820,d/C_color_3_0025.png,d
1821,d/C_color_3_0026.png,d
1822,d/C_color_3_0027.png,d
1823,d/C_color_3_0028.png,d
1824,d/C_color_3_0029.png,d
1825,d/C_color_3_0030.png,d
1826,d/C_color_3_0031.png,d
1827,d/C_color_3_0032.png,d
1828,d/C_color_3_0033.png,d
1829,d/C_color_3_0034.png,d
1830,d/C_color_3_0035.png,d
1831,d/C_color_3_0036.png,d
1832,d/C_color_3_0037.png,d
1833,d/C_color_3_0038.png,d
1834,d/C_color_3_0039.png,d
1835,d/C_color_3_0040.png,d
1836,d/C_color_3_0041.png,d
1837,d/C_color_3_0042.png,d
1838,d/C_color_3_0043.png,d
1839,d/C_color_3_0044.png,d
1840,d/C_color_3_0045.png,d
1841,d/C_color_3_0046.png,d
1842,d/C_color_3_0047.png,d
1843,d/C_color_3_0048.png,d
1844,d/C_color_3_0049.png,d
1845,d/C_color_3_0050.png,d
1846,d/C_color_3_0051.png,d
1847,d/C_color_3_0052.png,d
1848,d/C_color_3_0053.png,d
1849,d/C_color_3_0054.png,d
1850,d/C_color_3_0055.png,d
1851,d/C_color_3_0056.png,d
1852,d/C_color_3_0057.png,d
1853,d/C_color_3_0058.png,d
1854,d/C_color_3_0059.png,d
1855,d/C_color_3_0060.png,d
1856,d/C_color_3_0061.png,d
1857,d/C_color_3_0062.png,d
1858,d/C_color_3_0063.png,d
1859,d/C_color_3_0064.png,d
1860,d/C_color_3_0065.png,d
1861,d/C_color_3_0066.png,d
1862,d/C_color_3_0067.png,d
1863,d/C_color_3_0068.png,d
1864,d/C_color_3_0069.png,d
1865,d/C_color_3_0070.png,d
1866,d/C_color_3_0071.png,d
1867,d/C_color_3_0072.png,d
1868,d/C_color_3_0073.png,d
1869,d/C_color_3_0074.png,d
1870,d/C_color_3_0075.png,d
1871,d/C_color_3_0076.png,d
1872,d/C_color_3_0077.png,d
1873,d/C_color_3_0078.png,d
1874,d/C_color_3_0079.png,d
1875,d/C_color_3_0080.png,d
1876,d/C_color_3_0081.png,d
1877,d/C_color_3_0082.png,d
1878,d/C_color_3_0083.png,d
1879,d/C_color_3_0084.png,d
1880,d/C_color_3_0085.png,d
1881,d/C_color_3_0086.png,d
1882,d/C_color_3_0087.png,d
1883,d/C_color_3_0088.png,o
1884,d/C_color_3_0089.png,r
1885,d/C_color_3_0090.png,r
1886,d/C_color_3_0091.png,r
1887,d/C_color_3_0092.png,r
1888,d/C_color_3_0093.png,o
1889,d/C_color_3_0094.png,r
1890,d/C_color_3_0095.png,d
1891,d/C_color_3_0096.png,d
1892,d/C_color_3_0097.png,d
1893,d/C_color_3_0098.png,d
1894,d/C_color_3_0099.png,d
1895,d/C_color_3_0100.png,d
1896,d/C_color_3_0101.png,d
1897,d/C_color_3_0102.png,d
1898,d/C_color_3_0103.png,d
1899,d/C_color_3_0104.png,d
1900,d/C_color_3_0105.png,d
1901,d/C_color_3_0106.png,d
1902,d/C_color_3_0107.png,d
1903,d/C_color_3_0108.png,d
1904,d/C_color_3_0109.png,d
1905,d/C_color_3_0110.png,d
1906,d/C_color_3_0111.png,d
1907,d/C_color_3_0112.png,d
1908,d/C_color_3_0113.png,d
1909,d/C_color_3_0114.png,d
1910,d/C_color_3_0115.png,d
1911,d/C_color_3_0116.png,d
1912,d/C_color_3_0117.png,d
1913,d/C_color_3_0118.png,d
1914,d/C_color_3_0119.png,d
1915,d/C_color_3_0120.png,d
1916,d/C_color_3_0121.png,d
1917,d/C_color_3_0122.png,d
1918,d/C_color_3_0123.png,d
1919,d/C_color_3_0124.png,d
1920,d/C_color_3_0125.png,d
1921,d/C_color_3_0126.png,d
1922,d/C_color_3_0127.png,d
1923,d/C_color_3_0128.png,d
1924,d/C_color_3_0129.png,d
1925,d/C_color_3_0130.png,d
1926,d/C_color_3_0131.png,d
1927,d/C_color_3_0132.png,d
1928,d/C_color_3_0133.png,d
1929,d/C_color_3_0134.png,d
1930,d/C_color_3_0135.png,d
1931,d/C_color_3_0136.png,d
1932,d/C_color_3_0137.png,d
1933,d/C_color_3_0138.png,d
1934,d/C_color_3_0139.png,d
1935,d/C_color_3_0140.png,d
1936,d/C_color_3_0141.png,d
1937,d/C_color_3_0142.png,d
1938,d/C_color_3_0143.png,d
1939,d/C_color_3_0144.png,d
1940,d/C_color_3_0145.png,d
1941,d/C_color_3_0146.png,d
1942,d/C_color_3_0147.png,d
1943,d/C_color_3_0148.png,d
1944,d/C_color_3_0149.png,d
1945,d/C_color_3_0150.png,d
1946,d/C_color_3_0151.png,d
1947,d/C_color_3_0152.png,d
1948,d/C_color_3_0153.png,d
1949,d/C_color_3_0154.png,d
1950,d/C_color_3_0155.png,d
1951,d/C_color_3_0156.png,d
1952,d/C_color_3_0157.png,d
1953,d/C_color_3_0158.png,d
1954,d/C_color_3_0159.png,d
1955,d/C_color_3_0160.png,d
1956,d/C_color_3_0161.png,d
1957,d/C_color_3_0162.png,d
1958,d/C_color_3_0163.png,d
1959,d/C_color_3_0164.png,d
1960,d/C_color_3_0165.png,d
1961,d/C_color_3_0166.png,d
1962,d/C_color_3_0167.png,d
1963,d/C_color_3_0168.png,d
1964,d/C_color_3_0169.png,d
1965,d/C_color_3_0170.png,d
1966,d/C_color_3_0171.png,d
1967,d/C_color_3_0172.png,d
1968,d/C_color_3_0173.png,d
1969,d/C_color_3_0174.png,d
1970,d/C_color_3_0175.png,d
1971,d/C_color_3_0176.png,d
1972,d/C_color_3_0177.png,d
1973,d/C_color_3_0178.png,d
1974,d/C_color_3_0179.png,d
1975,d/C_color_3_0180.png,d
1976,d/C_color_3_0181.png,d
1977,d/C_color_3_0182.png,d
1978,d/C_color_3_0183.png,d
1979,d/C_color_3_0184.png,d
1980,d/C_color_3_0185.png,d
1981,d/C_color_3_0186.png,d
1982,d/C_color_3_0187.png,d
1983,d/C_color_3_0188.png,d
1984,d/C_color_3_0189.png,d
1985,d/C_color_3_0190.png,d
1986,d/C_color_3_0191.png,d
1987,d/C_color_3_0192.png,d
1988,d/C_color_3_0193.png,d
1989,d/C_color_3_0194.png,d
1990,d/C_color_3_0195.png,d
1991,d/C_color_3_0196.png,d
1992,d/C_color_3_0197.png,d
1993,d/C_color_3_0198.png,d
1994,d/C_color_3_0199.png,d
1995,d/C_color_3_0200.png,d
1996,d/C_color_3_0201.png,d
1997,d/C_color_3_0202.png,d
1998,d/C_color_3_0203.png,d
1999,d/C_color_3_0204.png,d
2000,d/C_color_3_0205.png,d
2001,d/C_color_3_0206.png,d
2002,d/C_color_3_0207.png,d
2003,d/C_color_3_0208.png,d
2004,d/C_color_3_0209.png,d
2005,d/C_color_3_0210.png,d
2006,d/C_color_3_0211.png,d
2007,d/C_color_3_0212.png,d
2008,d/C_color_3_0213.png,d
2009,d/C_color_3_0214.png,d
2010,d/C_color_3_0215.png,d
2011,d/C_color_3_0216.png,d
2012,d/C_color_3_0217.png,d
2013,d/C_color_3_0218.png,d
2014,d/C_color_3_0219.png,d
2015,d/C_color_3_0220.png,d
2016,d/C_color_3_0221.png,d
2017,d/C_color_3_0222.png,d
2018,d/C_color_3_0223.png,d
2019,d/C_color_3_0224.png,d
2020,d/C_color_3_0225.png,d
2021,d/C_color_3_0226.png,d
2022,d/C_color_3_0227.png,d
2023,d/C_color_3_0228.png,d
2024,d/C_color_3_0229.png,d
2025,d/C_color_3_0230.png,d
2026,d/C_color_3_0231.png,d
2027,d/C_color_3_0232.png,d
2028,d/C_color_3_0233.png,d
2029,d/C_color_3_0234.png,d
2030,d/C_color_3_0235.png,d
2031,d/C_color_3_0236.png,d
2032,d/C_color_3_0237.png,d
2033,d/C_color_3_0238.png,d
2034,d/C_color_3_0239.png,d
2035,d/C_color_3_0240.png,d
2036,d/C_color_3_0241.png,d
2037,d/C_color_3_0242.png,d
2038,d/C_color_3_0243.png,d
2039,d/C_color_3_0244.png,d
2040,d/C_color_3_0245.png,d
2041,d/C_color_3_0246.png,d
2042,d/C_color_3_0247.png,d
2043,d/C_color_3_0248.png,d
2044,d/C_color_3_0249.png,d
2045,d/C_color_3_0250.png,d
2046,d/C_color_3_0251.png,d
2047,d/C_color_3_0252.png,d
2048,d/C_color_3_0253.png,d
2049,d/C_color_3_0254.png,d
2050,d/C_color_3_0255.png,d
2051,d/C_color_3_0256.png,d
2052,d/C_color_3_0257.png,d
2053,d/C_color_3_0258.png,d
2054,d/C_color_3_0259.png,d
2055,d/C_color_3_0260.png,d
2056,d/C_color_3_0261.png,d
2057,d/C_color_3_0262.png,d
2058,d/C_color_3_0263.png,d
2059,d/C_color_3_0264.png,d
2060,d/C_color_3_0265.png,d
2061,d/C_color_3_0266.png,d
2062,d/C_color_3_0267.png,d
2063,d/C_color_3_0268.png,d
2064,d/C_color_3_0269.png,d
2065,d/C_color_3_0270.png,d
2066,d/C_color_3_0271.png,d
2067,d/C_color_3_0272.png,d
2068,d/C_color_3_0273.png,d
2069,d/C_color_3_0274.png,d
2070,d/C_color_3_0275.png,d
2071,d/C_color_3_0276.png,d
2072,d/C_color_3_0277.png,d
2073,d/C_color_3_0278.png,d
2074,d/C_color_3_0279.png,d
2075,d/C_color_3_0280.png,d
2076,d/C_color_3_0281.png,d
2077,d/C_color_3_0282.png,d
2078,d/C_color_3_0283.png,d
2079,d/C_color_3_0284.png,d
2080,d/C_color_3_0285.png,d
2081,d/C_color_3_0286.png,d
2082,d/C_color_3_0287.png,d
2083,d/C_color_3_0288.png,d
2084,d/C_color_3_0289.png,d
2085,d/C_color_3_0290.png,d
2086,d/C_color_3_0291.png,d
2087,d/C_color_3_0292.png,d
2088,d/C_color_3_0293.png,d
2089,d/C_color_3_0294.png,d
2090,d/C_color_3_0295.png,d
2091,d/C_color_3_0296.png,d
2092,d/C_color_3_0297.png,d
2093,d/C_color_3_0298.png,d
2094,d/C_color_3_0299.png,d
2095,d/C_color_3_0300.png,d
2096,d/C_color_3_0301.png,d
2097,d/C_color_3_0302.png,d
2098,d/C_color_3_0303.png,d
2099,d/C_color_3_0304.png,d
2100,d/C_color_3_0305.png,d
2101,d/C_color_3_0306.png,d
2102,d/C_color_3_0307.png,d
2103,d/C_color_3_0308.png,d
2104,d/C_color_3_0309.png,d
2105,d/C_color_3_0310.png,d
2106,d/C_color_3_0311.png,d
2107,d/C_color_3_0312.png,d
2108,d/C_color_3_0313.png,d
2109,d/C_color_3_0314.png,d
2110,d/C_color_3_0315.png,d
2111,d/C_color_3_0316.png,d
2112,d/C_color_3_0317.png,d
2113,d/C_color_3_0318.png,d
2114,d/C_color_3_0319.png,d
2115,d/C_color_3_0320.png,d
2116,d/C_color_3_0321.png,d
2117,d/C_color_3_0322.png,d
2118,d/C_color_3_0323.png,d
2119,d/C_color_3_0324.png,d
2120,d/C_color_3_0325.png,d
2121,d/C_color_3_0326.png,d
2122,d/C_color_3_0327.png,d
2123,d/C_color_3_0328.png,d
2124,d/C_color_3_0329.png,d
2125,d/C_color_3_0330.png,d
2126,d/C_color_3_0331.png,d
2127,d/C_color_3_0332.png,d
2128,d/C_color_3_0333.png,d
2129,d/C_color_3_0334.png,d
2130,d/C_color_3_0335.png,d
2131,d/C_color_3_0336.png,d
2132,d/C_color_3_0337.png,d
2133,d/C_color_3_0338.png,d
2134,d/C_color_3_0339.png,d
2135,d/C_color_3_0340.png,d
2136,d/C_color_3_0341.png,d
2137,d/C_color_3_0342.png,d
2138,d/C_color_3_0343.png,d
2139,d/C_color_3_0344.png,d
2140,d/C_color_3_0345.png,d
2141,d/C_color_3_0346.png,d
2142,d/C_color_3_0347.png,d
2143,d/C_color_3_0348.png,d
2144,d/C_color_3_0349.png,d
2145,d/C_color_3_0350.png,d
2146,d/C_color_3_0351.png,d
2147,d/C_color_3_0352.png,d
2148,d/C_color_3_0353.png,d
2149,d/C_color_3_0354.png,d
2150,d/C_color_3_0355.png,d
2151,d/C_color_3_0356.png,d
2152,d/C_color_3_0357.png,d
2153,d/C_color_3_0358.png,d
2154,d/C_color_3_0359.png,d
2155,d/C_color_3_0360.png,d
2156,d/C_color_3_0361.png,d
2157,d/C_color_3_0362.png,d
2158,d/C_color_3_0363.png,d
2159,d/C_color_3_0364.png,d
2160,d/C_color_3_0365.png,d
2161,d/C_color_3_0366.png,d
2162,d/C_color_3_0367.png,d
2163,d/C_color_3_0368.png,d
2164,d/C_color_3_0369.png,d
2165,d/C_color_3_0370.png,d
2166,d/C_color_3_0371.png,d
2167,d/C_color_3_0372.png,d
2168,d/C_color_3_0373.png,d
2169,d/C_color_3_0374.png,d
2170,d/C_color_3_0375.png,d
2171,d/C_color_3_0376.png,d
2172,d/C_color_3_0377.png,d
2173,d/C_color_3_0378.png,d
2174,d/C_color_3_0379.png,d
2175,d/C_color_3_0380.png,d
2176,d/C_color_3_0381.png,d
2177,d/C_color_3_0382.png,d
2178,d/C_color_3_0383.png,d
2179,d/C_color_3_0384.png,d
2180,d/C_color_3_0385.png,d
2181,d/C_color_3_0386.png,d
2182,d/C_color_3_0387.png,d
2183,d/C_color_3_0388.png,d
2184,d/C_color_3_0389.png,d
2185,d/C_color_3_0390.png,d
2186,d/C_color_3_0391.png,d
2187,d/C_color_3_0392.png,d
2188,d/C_color_3_0393.png,d
2189,d/C_color_3_0394.png,d
2190,d/C_color_3_0395.png,d
2191,d/C_color_3_0396.png,d
2192,d/C_color_3_0397.png,d
2193,d/C_color_3_0398.png,d
2194,d/C_color_3_0399.png,d
2195,d/C_color_3_0400.png,d
2196,d/C_color_3_0401.png,d
2197,d/C_color_3_0402.png,d
2198,d/C_color_3_0403.png,d
2199,d/C_color_3_0404.png,d
2200,d/C_color_3_0405.png,d
2201,d/C_color_3_0406.png,d
2202,d/C_color_3_0407.png,d
2203,d/C_color_3_0408.png,d
2204,d/C_color_3_0409.png,d
2205,d/C_color_3_0410.png,d
2206,d/C_color_3_0411.png,d
2207,d/C_color_3_0412.png,d
2208,d/C_color_3_0413.png,d
2209,d/C_color_3_0414.png,d
2210,d/C_color_3_0415.png,d
2211,d/C_color_3_0416.png,d
2212,d/C_color_3_0417.png,d
2213,d/C_color_3_0418.png,d
2214,d/C_color_3_0419.png,d
2215,d/C_color_3_0420.png,d
2216,d/C_color_3_0421.png,d
2217,d/C_color_3_0422.png,d
2218,d/C_color_3_0423.png,d
2219,d/C_color_3_0424.png,d
2220,d/C_color_3_0425.png,d
2221,d/C_color_3_0426.png,d
2222,d/C_color_3_0427.png,d
2223,d/C_color_3_0428.png,d
2224,d/C_color_3_0429.png,d
2225,d/C_color_3_0430.png,d
2226,d/C_color_3_0431.png,d
2227,d/C_color_3_0432.png,d
2228,d/C_color_3_0433.png,d
2229,d/C_color_3_0434.png,d
2230,d/C_color_3_0435.png,d
2231,d/C_color_3_0436.png,d
2232,d/C_color_3_0437.png,d
2233,d/C_color_3_0438.png,d
2234,d/C_color_3_0439.png,d
2235,d/C_color_3_0440.png,d
2236,d/C_color_3_0441.png,d
2237,d/C_color_3_0442.png,d
2238,d/C_color_3_0443.png,d
2239,d/C_color_3_0444.png,d
2240,d/C_color_3_0445.png,d
2241,d/C_color_3_0446.png,d
2242,d/C_color_3_0447.png,d
2243,d/C_color_3_0448.png,d
2244,d/C_color_3_0449.png,d
2245,d/C_color_3_0450.png,d
2246,d/C_color_3_0451.png,d
2247,d/C_color_3_0452.png,d
2248,d/C_color_3_0453.png,d
2249,d/C_color_3_0454.png,d
2250,d/C_color_3_0455.png,d
2251,d/C_color_3_0456.png,d
2252,d/C_color_3_0457.png,d
2253,d/C_color_3_0458.png,d
2254,d/C_color_3_0459.png,d
2255,d/C_color_3_0460.png,d
2256,d/C_color_3_0461.png,d
2257,d/C_color_3_0462.png,d
2258,d/C_color_3_0463.png,d
2259,d/C_color_3_0464.png,d
2260,d/C_color_3_0465.png,d
2261,d/C_color_3_0466.png,d
2262,d/C_color_3_0467.png,d
2263,d/C_color_3_0468.png,d
2264,d/C_color_3_0469.png,d
2265,d/C_color_3_0470.png,d
2266,d/C_color_3_0471.png,d
2267,d/C_color_3_0472.png,d
2268,d/C_color_3_0473.png,d
2269,d/C_color_3_0474.png,d
2270,d/C_color_3_0475.png,d
2271,d/C_color_3_0476.png,d
2272,d/C_color_3_0477.png,d
2273,d/C_color_3_0478.png,d
2274,d/C_color_3_0479.png,d
2275,d/C_color_3_0480.png,d
2276,d/C_color_3_0481.png,d
2277,d/C_color_3_0482.png,d
2278,d/C_color_3_0483.png,d
2279,d/C_color_3_0484.png,d
2280,d/C_color_3_0485.png,d
2281,d/C_color_3_0486.png,d
2282,d/C_color_3_0487.png,d
2283,d/C_color_3_0488.png,d
2284,d/C_color_3_0489.png,d
2285,d/C_color_3_0490.png,d
2286,d/C_color_3_0491.png,d
2287,d/C_color_3_0492.png,d
2288,d/C_color_3_0493.png,d
2289,d/C_color_3_0494.png,d
2290,d/C_color_3_0495.png,d
2291,d/C_color_3_0496.png,d
2292,d/C_color_3_0497.png,d
2293,d/C_color_3_0498.png,d
2294,d/C_color_3_0499.png,d
2295,d/C_color_3_0500.png,d
2296,d/C_color_3_0501.png,d
2297,d/C_color_3_0502.png,d
2298,d/C_color_3_0503.png,d
2299,d/C_color_3_0504.png,d
2300,d/C_color_3_0505.png,d
2301,d/C_color_3_0506.png,d
2302,d/C_color_3_0507.png,d
2303,d/C_color_3_0508.png,d
2304,d/C_color_3_0509.png,d
2305,d/C_color_3_0510.png,d
2306,d/C_color_3_0511.png,d
2307,d/C_color_3_0512.png,d
2308,d/C_color_3_0513.png,d
2309,d/C_color_3_0514.png,d
2310,d/C_color_3_0515.png,d
2311,d/C_color_3_0516.png,d
2312,d/C_color_3_0517.png,d
2313,d/C_color_3_0518.png,d
2314,d/C_color_3_0519.png,d
2315,d/C_color_3_0520.png,d
2316,d/C_color_3_0521.png,d
2317,d/C_color_3_0522.png,d
2318,d/C_color_3_0523.png,d
2319,d/C_color_3_0524.png,d
2320,d/C_color_3_0525.png,d
2321,d/C_color_3_0526.png,d
2322,e/C_color_4_0002.png,e
2323,e/C_color_4_0003.png,e
2324,e/C_color_4_0004.png,e
2325,e/C_color_4_0005.png,e
2326,e/C_color_4_0006.png,e
2327,e/C_color_4_0007.png,e
2328,e/C_color_4_0008.png,e
2329,e/C_color_4_0009.png,e
2330,e/C_color_4_0010.png,e
2331,e/C_color_4_0011.png,e
2332,e/C_color_4_0012.png,e
2333,e/C_color_4_0013.png,e
2334,e/C_color_4_0014.png,e
2335,e/C_color_4_0015.png,e
2336,e/C_color_4_0016.png,e
2337,e/C_color_4_0017.png,e
2338,e/C_color_4_0018.png,e
2339,e/C_color_4_0019.png,e
2340,e/C_color_4_0020.png,e
2341,e/C_color_4_0021.png,e
2342,e/C_color_4_0022.png,e
2343,e/C_color_4_0023.png,e
2344,e/C_color_4_0024.png,e
2345,e/C_color_4_0025.png,e
2346,e/C_color_4_0026.png,e
2347,e/C_color_4_0027.png,e
2348,e/C_color_4_0028.png,e
2349,e/C_color_4_0029.png,e
2350,e/C_color_4_0030.png,e
2351,e/C_color_4_0031.png,e
2352,e/C_color_4_0032.png,e
2353,e/C_color_4_0033.png,e
2354,e/C_color_4_0034.png,e
2355,e/C_color_4_0035.png,e
2356,e/C_color_4_0036.png,e
2357,e/C_color_4_0037.png,e
2358,e/C_color_4_0038.png,e
2359,e/C_color_4_0039.png,e
2360,e/C_color_4_0040.png,e
2361,e/C_color_4_0041.png,e
2362,e/C_color_4_0042.png,e
2363,e/C_color_4_0043.png,e
2364,e/C_color_4_0044.png,e
2365,e/C_color_4_0045.png,e
2366,e/C_color_4_0046.png,e
2367,e/C_color_4_0047.png,e
2368,e/C_color_4_0048.png,e
2369,e/C_color_4_0049.png,e
2370,e/C_color_4_0050.png,e
2371,e/C_color_4_0051.png,e
2372,e/C_color_4_0052.png,e
2373,e/C_color_4_0053.png,e
2374,e/C_color_4_0054.png,e
2375,e/C_color_4_0055.png,e
2376,e/C_color_4_0056.png,e
2377,e/C_color_4_0057.png,e
2378,e/C_color_4_0058.png,e
2379,e/C_color_4_0059.png,e
2380,e/C_color_4_0060.png,e
2381,e/C_color_4_0061.png,e
2382,e/C_color_4_0062.png,e
2383,e/C_color_4_0063.png,e
2384,e/C_color_4_0064.png,e
2385,e/C_color_4_0065.png,e
2386,e/C_color_4_0066.png,e
2387,e/C_color_4_0067.png,e
2388,e/C_color_4_0068.png,e
2389,e/C_color_4_0069.png,e
2390,e/C_color_4_0070.png,e
2391,e/C_color_4_0071.png,e
2392,e/C_color_4_0072.png,e
2393,e/C_color_4_0073.png,e
2394,e/C_color_4_0074.png,e
2395,e/C_color_4_0075.png,e
2396,e/C_color_4_0076.png,e
2397,e/C_color_4_0077.png,e
2398,e/C_color_4_0078.png,e
2399,e/C_color_4_0079.png,e
2400,e/C_color_4_0080.png,e
2401,e/C_color_4_0081.png,e
2402,e/C_color_4_0082.png,e
2403,e/C_color_4_0083.png,e
2404,e/C_color_4_0084.png,e
2405,e/C_color_4_0085.png,e
2406,e/C_color_4_0086.png,e
2407,e/C_color_4_0087.png,e
2408,e/C_color_4_0088.png,e
2409,e/C_color_4_0089.png,e
2410,e/C_color_4_0090.png,e
2411,e/C_color_4_0091.png,e
2412,e/C_color_4_0092.png,e
2413,e/C_color_4_0093.png,e
2414,e/C_color_4_0094.png,e
2415,e/C_color_4_0095.png,e
2416,e/C_color_4_0096.png,e
2417,e/C_color_4_0097.png,e
2418,e/C_color_4_0098.png,e
2419,e/C_color_4_0099.png,e
2420,e/C_color_4_0100.png,e
2421,e/C_color_4_0101.png,e
2422,e/C_color_4_0102.png,e
2423,e/C_color_4_0103.png,e
2424,e/C_color_4_0104.png,e
2425,e/C_color_4_0105.png,e
2426,e/C_color_4_0106.png,e
2427,e/C_color_4_0107.png,e
2428,e/C_color_4_0108.png,e
2429,e/C_color_4_0109.png,e
2430,e/C_color_4_0110.png,e
2431,e/C_color_4_0111.png,e
2432,e/C_color_4_0112.png,e
2433,e/C_color_4_0113.png,e
2434,e/C_color_4_0114.png,e
2435,e/C_color_4_0115.png,e
2436,e/C_color_4_0116.png,e
2437,e/C_color_4_0117.png,e
2438,e/C_color_4_0118.png,e
2439,e/C_color_4_0119.png,e
2440,e/C_color_4_0120.png,e
2441,e/C_color_4_0121.png,e
2442,e/C_color_4_0122.png,e
2443,e/C_color_4_0123.png,e
2444,e/C_color_4_0124.png,e
2445,e/C_color_4_0125.png,e
2446,e/C_color_4_0126.png,e
2447,e/C_color_4_0127.png,e
2448,e/C_color_4_0128.png,e
2449,e/C_color_4_0129.png,e
2450,e/C_color_4_0130.png,e
2451,e/C_color_4_0131.png,e
2452,e/C_color_4_0132.png,e
2453,e/C_color_4_0133.png,e
2454,e/C_color_4_0134.png,e
2455,e/C_color_4_0135.png,e
2456,e/C_color_4_0136.png,e
2457,e/C_color_4_0137.png,e
2458,e/C_color_4_0138.png,e
2459,e/C_color_4_0139.png,e
2460,e/C_color_4_0140.png,e
2461,e/C_color_4_0141.png,e
2462,e/C_color_4_0142.png,e
2463,e/C_color_4_0143.png,e
2464,e/C_color_4_0144.png,e
2465,e/C_color_4_0145.png,e
2466,e/C_color_4_0146.png,e
2467,e/C_color_4_0147.png,e
2468,e/C_color_4_0148.png,e
2469,e/C_color_4_0149.png,e
2470,e/C_color_4_0150.png,e
2471,e/C_color_4_0151.png,e
2472,e/C_color_4_0152.png,e
2473,e/C_color_4_0153.png,e
2474,e/C_color_4_0154.png,e
2475,e/C_color_4_0155.png,e
2476,e/C_color_4_0156.png,e
2477,e/C_color_4_0157.png,e
2478,e/C_color_4_0158.png,e
2479,e/C_color_4_0159.png,e
2480,e/C_color_4_0160.png,e
2481,e/C_color_4_0161.png,e
2482,e/C_color_4_0162.png,e
2483,e/C_color_4_0163.png,e
2484,e/C_color_4_0164.png,e
2485,e/C_color_4_0165.png,e
2486,e/C_color_4_0166.png,e
2487,e/C_color_4_0167.png,e
2488,e/C_color_4_0168.png,e
2489,e/C_color_4_0169.png,e
2490,e/C_color_4_0170.png,e
2491,e/C_color_4_0171.png,e
2492,e/C_color_4_0172.png,e
2493,e/C_color_4_0173.png,e
2494,e/C_color_4_0174.png,e
2495,e/C_color_4_0175.png,e
2496,e/C_color_4_0176.png,e
2497,e/C_color_4_0177.png,e
2498,e/C_color_4_0178.png,e
2499,e/C_color_4_0179.png,e
2500,e/C_color_4_0180.png,e
2501,e/C_color_4_0181.png,e
2502,e/C_color_4_0182.png,e
2503,e/C_color_4_0183.png,e
2504,e/C_color_4_0184.png,e
2505,e/C_color_4_0185.png,e
2506,e/C_color_4_0186.png,e
2507,e/C_color_4_0187.png,e
2508,e/C_color_4_0188.png,e
2509,e/C_color_4_0189.png,e
2510,e/C_color_4_0190.png,e
2511,e/C_color_4_0191.png,e
2512,e/C_color_4_0192.png,e
2513,e/C_color_4_0193.png,e
2514,e/C_color_4_0194.png,e
2515,e/C_color_4_0195.png,e
2516,e/C_color_4_0196.png,e
2517,e/C_color_4_0197.png,e
2518,e/C_color_4_0198.png,e
2519,e/C_color_4_0199.png,e
2520,e/C_color_4_0200.png,e
2521,e/C_color_4_0201.png,e
2522,e/C_color_4_0202.png,e
2523,e/C_color_4_0203.png,e
2524,e/C_color_4_0204.png,e
2525,e/C_color_4_0205.png,e
2526,e/C_color_4_0206.png,e
2527,e/C_color_4_0207.png,e
2528,e/C_color_4_0208.png,e
2529,e/C_color_4_0209.png,e
2530,e/C_color_4_0210.png,e
2531,e/C_color_4_0211.png,e
2532,e/C_color_4_0212.png,e
2533,e/C_color_4_0213.png,e
2534,e/C_color_4_0214.png,e
2535,e/C_color_4_0215.png,e
2536,e/C_color_4_0216.png,e
2537,e/C_color_4_0217.png,e
2538,e/C_color_4_0218.png,e
2539,e/C_color_4_0219.png,e
2540,e/C_color_4_0220.png,e
2541,e/C_color_4_0221.png,e
2542,e/C_color_4_0222.png,e
2543,e/C_color_4_0223.png,e
2544,e/C_color_4_0224.png,e
2545,e/C_color_4_0225.png,e
2546,e/C_color_4_0226.png,e
2547,e/C_color_4_0227.png,e
2548,e/C_color_4_0228.png,e
2549,e/C_color_4_0229.png,e
2550,e/C_color_4_0230.png,e
2551,e/C_color_4_0231.png,e
2552,e/C_color_4_0232.png,e
2553,e/C_color_4_0233.png,e
2554,e/C_color_4_0234.png,e
2555,e/C_color_4_0235.png,e
2556,e/C_color_4_0236.png,e
2557,e/C_color_4_0237.png,e
2558,e/C_color_4_0238.png,e
2559,e/C_color_4_0239.png,e
2560,e/C_color_4_0240.png,e
2561,e/C_color_4_0241.png,e
2562,e/C_color_4_0242.png,e
2563,e/C_color_4_0243.png,e
2564,e/C_color_4_0244.png,e
2565,e/C_color_4_0245.png,e
2566,e/C_color_4_0246.png,e
2567,e/C_color_4_0247.png,e
2568,e/C_color_4_0248.png,e
2569,e/C_color_4_0249.png,e
2570,e/C_color_4_0250.png,e
2571,e/C_color_4_0251.png,e
2572,e/C_color_4_0252.png,e
2573,e/C_color_4_0253.png,e
2574,e/C_color_4_0254.png,e
2575,e/C_color_4_0255.png,e
2576,e/C_color_4_0256.png,e
2577,e/C_color_4_0257.png,e
2578,e/C_color_4_0258.png,e
2579,e/C_color_4_0259.png,e
2580,e/C_color_4_0260.png,e
2581,e/C_color_4_0261.png,e
2582,e/C_color_4_0262.png,e
2583,e/C_color_4_0263.png,e
2584,e/C_color_4_0264.png,e
2585,e/C_color_4_0265.png,e
2586,e/C_color_4_0266.png,e
2587,e/C_color_4_0267.png,e
2588,e/C_color_4_0268.png,e
2589,e/C_color_4_0269.png,e
2590,e/C_color_4_0270.png,e
2591,e/C_color_4_0271.png,e
2592,e/C_color_4_0272.png,e
2593,e/C_color_4_0273.png,e
2594,e/C_color_4_0274.png,e
2595,e/C_color_4_0275.png,e
2596,e/C_color_4_0276.png,e
2597,e/C_color_4_0277.png,e
2598,e/C_color_4_0278.png,e
2599,e/C_color_4_0279.png,e
2600,e/C_color_4_0280.png,e
2601,e/C_color_4_0281.png,e
2602,e/C_color_4_0282.png,e
2603,e/C_color_4_0283.png,e
2604,e/C_color_4_0284.png,e
2605,e/C_color_4_0285.png,e
2606,e/C_color_4_0286.png,e
2607,e/C_color_4_0287.png,e
2608,e/C_color_4_0288.png,e
2609,e/C_color_4_0289.png,e
2610,e/C_color_4_0290.png,e
2611,e/C_color_4_0291.png,e
2612,e/C_color_4_0292.png,e
2613,e/C_color_4_0293.png,e
2614,e/C_color_4_0294.png,e
2615,e/C_color_4_0295.png,e
2616,e/C_color_4_0296.png,e
2617,e/C_color_4_0297.png,e
2618,e/C_color_4_0298.png,e
2619,e/C_color_4_0299.png,e
2620,e/C_color_4_0300.png,e
2621,e/C_color_4_0301.png,e
2622,e/C_color_4_0302.png,e
2623,e/C_color_4_0303.png,e
2624,e/C_color_4_0304.png,e
2625,e/C_color_4_0305.png,e
2626,e/C_color_4_0306.png,e
2627,e/C_color_4_0307.png,e
2628,e/C_color_4_0308.png,e
2629,e/C_color_4_0309.png,e
2630,e/C_color_4_0310.png,e
2631,e/C_color_4_0311.png,e
2632,e/C_color_4_0312.png,e
2633,e/C_color_4_0313.png,e
2634,e/C_color_4_0314.png,e
2635,e/C_color_4_0315.png,e
2636,e/C_color_4_0316.png,e
2637,e/C_color_4_0317.png,e
2638,e/C_color_4_0318.png,e
2639,e/C_color_4_0319.png,e
2640,e/C_color_4_0320.png,e
2641,e/C_color_4_0321.png,e
2642,e/C_color_4_0322.png,e
2643,e/C_color_4_0323.png,e
2644,e/C_color_4_0324.png,e
2645,e/C_color_4_0325.png,e
2646,e/C_color_4_0326.png,e
2647,e/C_color_4_0327.png,e
2648,e/C_color_4_0328.png,e
2649,e/C_color_4_0329.png,e
2650,e/C_color_4_0330.png,e
2651,e/C_color_4_0331.png,e
2652,e/C_color_4_0332.png,e
2653,e/C_color_4_0333.png,e
2654,e/C_color_4_0334.png,e
2655,e/C_color_4_0335.png,e
2656,e/C_color_4_0336.png,e
2657,e/C_color_4_0337.png,e
2658,e/C_color_4_0338.png,e
2659,e/C_color_4_0339.png,e
2660,e/C_color_4_0340.png,e
2661,e/C_color_4_0341.png,e
2662,e/C_color_4_0342.png,e
2663,e/C_color_4_0343.png,e
2664,e/C_color_4_0344.png,e
2665,e/C_color_4_0345.png,e
2666,e/C_color_4_0346.png,e
2667,e/C_color_4_0347.png,e
2668,e/C_color_4_0348.png,e
2669,e/C_color_4_0349.png,e
2670,e/C_color_4_0350.png,e
2671,e/C_color_4_0351.png,e
2672,e/C_color_4_0352.png,e
2673,e/C_color_4_0353.png,e
2674,e/C_color_4_0354.png,e
2675,e/C_color_4_0355.png,e
2676,e/C_color_4_0356.png,e
2677,e/C_color_4_0357.png,e
2678,e/C_color_4_0358.png,e
2679,e/C_color_4_0359.png,e
2680,e/C_color_4_0360.png,e
2681,e/C_color_4_0361.png,c
2682,e/C_color_4_0362.png,c
2683,e/C_color_4_0363.png,c
2684,e/C_color_4_0364.png,c
2685,e/C_color_4_0365.png,e
2686,e/C_color_4_0366.png,e
2687,e/C_color_4_0367.png,e
2688,e/C_color_4_0368.png,e
2689,e/C_color_4_0369.png,e
2690,e/C_color_4_0370.png,e
2691,e/C_color_4_0371.png,e
2692,e/C_color_4_0372.png,e
2693,e/C_color_4_0373.png,e
2694,e/C_color_4_0374.png,e
2695,e/C_color_4_0375.png,e
2696,e/C_color_4_0376.png,e
2697,e/C_color_4_0377.png,e
2698,e/C_color_4_0378.png,e
2699,e/C_color_4_0379.png,e
2700,e/C_color_4_0380.png,e
2701,e/C_color_4_0381.png,e
2702,e/C_color_4_0382.png,e
2703,e/C_color_4_0383.png,e
2704,e/C_color_4_0384.png,e
2705,e/C_color_4_0385.png,e
2706,e/C_color_4_0386.png,e
2707,e/C_color_4_0387.png,e
2708,e/C_color_4_0388.png,e
2709,e/C_color_4_0389.png,e
2710,e/C_color_4_0390.png,e
2711,e/C_color_4_0391.png,e
2712,e/C_color_4_0392.png,e
2713,e/C_color_4_0393.png,e
2714,e/C_color_4_0394.png,e
2715,e/C_color_4_0395.png,e
2716,e/C_color_4_0396.png,e
2717,e/C_color_4_0397.png,e
2718,e/C_color_4_0398.png,e
2719,e/C_color_4_0399.png,e
2720,e/C_color_4_0400.png,e
2721,e/C_color_4_0401.png,e
2722,e/C_color_4_0402.png,e
2723,e/C_color_4_0403.png,e
2724,e/C_color_4_0404.png,e
2725,e/C_color_4_0405.png,e
2726,e/C_color_4_0406.png,e
2727,e/C_color_4_0407.png,e
2728,e/C_color_4_0408.png,e
2729,e/C_color_4_0409.png,e
2730,e/C_color_4_0410.png,e
2731,e/C_color_4_0411.png,e
2732,e/C_color_4_0412.png,e
2733,e/C_color_4_0413.png,e
2734,e/C_color_4_0414.png,e
2735,e/C_color_4_0415.png,e
2736,e/C_color_4_0416.png,e
2737,e/C_color_4_0417.png,e
2738,e/C_color_4_0418.png,e
2739,e/C_color_4_0419.png,e
2740,e/C_color_4_0420.png,e
2741,e/C_color_4_0421.png,e
2742,e/C_color_4_0422.png,e
2743,e/C_color_4_0423.png,e
2744,e/C_color_4_0424.png,e
2745,e/C_color_4_0425.png,e
2746,e/C_color_4_0426.png,e
2747,e/C_color_4_0427.png,e
2748,e/C_color_4_0428.png,e
2749,e/C_color_4_0429.png,e
2750,e/C_color_4_0430.png,e
2751,e/C_color_4_0431.png,e
2752,e/C_color_4_0432.png,e
2753,e/C_color_4_0433.png,e
2754,e/C_color_4_0434.png,e
2755,e/C_color_4_0435.png,e
2756,e/C_color_4_0436.png,e
2757,e/C_color_4_0437.png,e
2758,e/C_color_4_0438.png,e
2759,e/C_color_4_0439.png,e
2760,e/C_color_4_0440.png,e
2761,e/C_color_4_0441.png,e
2762,e/C_color_4_0442.png,e
2763,e/C_color_4_0443.png,e
2764,e/C_color_4_0444.png,e
2765,e/C_color_4_0445.png,e
2766,e/C_color_4_0446.png,e
2767,e/C_color_4_0447.png,e
2768,e/C_color_4_0448.png,e
2769,e/C_color_4_0449.png,e
2770,e/C_color_4_0450.png,e
2771,e/C_color_4_0451.png,e
2772,e/C_color_4_0452.png,e
2773,e/C_color_4_0453.png,e
2774,e/C_color_4_0454.png,e
2775,e/C_color_4_0455.png,e
2776,e/C_color_4_0456.png,e
2777,e/C_color_4_0457.png,e
2778,e/C_color_4_0458.png,e
2779,e/C_color_4_0459.png,e
2780,e/C_color_4_0460.png,e
2781,e/C_color_4_0461.png,e
2782,e/C_color_4_0462.png,e
2783,e/C_color_4_0463.png,e
2784,e/C_color_4_0464.png,e
2785,e/C_color_4_0465.png,e
2786,e/C_color_4_0466.png,e
2787,e/C_color_4_0467.png,e
2788,e/C_color_4_0468.png,e
2789,e/C_color_4_0469.png,e
2790,e/C_color_4_0470.png,e
2791,e/C_color_4_0471.png,e
2792,e/C_color_4_0472.png,e
2793,e/C_color_4_0473.png,e
2794,e/C_color_4_0474.png,e
2795,e/C_color_4_0475.png,e
2796,e/C_color_4_0476.png,e
2797,e/C_color_4_0477.png,e
2798,e/C_color_4_0478.png,e
2799,e/C_color_4_0479.png,e
2800,e/C_color_4_0480.png,e
2801,e/C_color_4_0481.png,e
2802,e/C_color_4_0482.png,e
2803,e/C_color_4_0483.png,e
2804,e/C_color_4_0484.png,e
2805,e/C_color_4_0485.png,e
2806,e/C_color_4_0486.png,e
2807,e/C_color_4_0487.png,e
2808,e/C_color_4_0488.png,e
2809,e/C_color_4_0489.png,e
2810,e/C_color_4_0490.png,e
2811,e/C_color_4_0491.png,e
2812,e/C_color_4_0492.png,e
2813,e/C_color_4_0493.png,e
2814,e/C_color_4_0494.png,e
2815,e/C_color_4_0495.png,e
2816,e/C_color_4_0496.png,e
2817,e/C_color_4_0497.png,e
2818,e/C_color_4_0498.png,e
2819,e/C_color_4_0499.png,e
2820,e/C_color_4_0500.png,e
2821,e/C_color_4_0501.png,e
2822,e/C_color_4_0502.png,e
2823,e/C_color_4_0503.png,e
2824,e/C_color_4_0504.png,e
2825,e/C_color_4_0505.png,e
2826,e/C_color_4_0506.png,e
2827,e/C_color_4_0507.png,e
2828,e/C_color_4_0508.png,e
2829,e/C_color_4_0509.png,e
2830,e/C_color_4_0510.png,e
2831,e/C_color_4_0511.png,e
2832,e/C_color_4_0512.png,e
2833,e/C_color_4_0513.png,e
2834,e/C_color_4_0514.png,e
2835,e/C_color_4_0515.png,e
2836,e/C_color_4_0516.png,e
2837,e/C_color_4_0517.png,e
2838,e/C_color_4_0518.png,e
2839,e/C_color_4_0519.png,e
2840,e/C_color_4_0520.png,e
2841,e/C_color_4_0521.png,e
2842,e/C_color_4_0522.png,e
2843,e/C_color_4_0523.png,e
2844,e/C_color_4_0524.png,e
2845,e/C_color_4_0525.png,e
2846,e/C_color_4_0526.png,e
2847,e/C_color_4_0527.png,e
2848,e/C_color_4_0528.png,e
2849,e/C_color_4_0529.png,e
2850,f/C_color_5_0002.png,f
2851,f/C_color_5_0003.png,f
2852,f/C_color_5_0004.png,f
2853,f/C_color_5_0005.png,f
2854,f/C_color_5_0006.png,f
2855,f/C_color_5_0007.png,f
2856,f/C_color_5_0008.png,f
2857,f/C_color_5_0009.png,f
2858,f/C_color_5_0010.png,f
2859,f/C_color_5_0011.png,f
2860,f/C_color_5_0012.png,f
2861,f/C_color_5_0013.png,f
2862,f/C_color_5_0014.png,f
2863,f/C_color_5_0015.png,f
2864,f/C_color_5_0016.png,f
2865,f/C_color_5_0017.png,f
2866,f/C_color_5_0018.png,f
2867,f/C_color_5_0019.png,f
2868,f/C_color_5_0020.png,f
2869,f/C_color_5_0021.png,f
2870,f/C_color_5_0022.png,f
2871,f/C_color_5_0023.png,f
2872,f/C_color_5_0024.png,f
2873,f/C_color_5_0025.png,f
2874,f/C_color_5_0026.png,f
2875,f/C_color_5_0027.png,f
2876,f/C_color_5_0028.png,f
2877,f/C_color_5_0029.png,f
2878,f/C_color_5_0030.png,f
2879,f/C_color_5_0031.png,f
2880,f/C_color_5_0032.png,f
2881,f/C_color_5_0033.png,f
2882,f/C_color_5_0034.png,f
2883,f/C_color_5_0035.png,f
2884,f/C_color_5_0036.png,f
2885,f/C_color_5_0037.png,f
2886,f/C_color_5_0038.png,f
2887,f/C_color_5_0039.png,f
2888,f/C_color_5_0040.png,f
2889,f/C_color_5_0041.png,f
2890,f/C_color_5_0042.png,f
2891,f/C_color_5_0043.png,f
2892,f/C_color_5_0044.png,f
2893,f/C_color_5_0045.png,f
2894,f/C_color_5_0046.png,f
2895,f/C_color_5_0047.png,f
2896,f/C_color_5_0048.png,f
2897,f/C_color_5_0049.png,f
2898,f/C_color_5_0050.png,f
2899,f/C_color_5_0051.png,f
2900,f/C_color_5_0052.png,f
2901,f/C_color_5_0053.png,f
2902,f/C_color_5_0054.png,f
2903,f/C_color_5_0055.png,f
2904,f/C_color_5_0056.png,f
2905,f/C_color_5_0057.png,f
2906,f/C_color_5_0058.png,f
2907,f/C_color_5_0059.png,f
2908,f/C_color_5_0060.png,f
2909,f/C_color_5_0061.png,f
2910,f/C_color_5_0062.png,f
2911,f/C_color_5_0063.png,f
2912,f/C_color_5_0064.png,f
2913,f/C_color_5_0065.png,f
2914,f/C_color_5_0066.png,f
2915,f/C_color_5_0067.png,f
2916,f/C_color_5_0068.png,f
2917,f/C_color_5_0069.png,f
2918,f/C_color_5_0070.png,f
2919,f/C_color_5_0071.png,f
2920,f/C_color_5_0072.png,f
2921,f/C_color_5_0073.png,f
2922,f/C_color_5_0074.png,f
2923,f/C_color_5_0075.png,f
2924,f/C_color_5_0076.png,f
2925,f/C_color_5_0077.png,f
2926,f/C_color_5_0078.png,f
2927,f/C_color_5_0079.png,f
2928,f/C_color_5_0080.png,f
2929,f/C_color_5_0081.png,f
2930,f/C_color_5_0082.png,f
2931,f/C_color_5_0083.png,f
2932,f/C_color_5_0084.png,f
2933,f/C_color_5_0085.png,f
2934,f/C_color_5_0086.png,f
2935,f/C_color_5_0087.png,f
2936,f/C_color_5_0088.png,f
2937,f/C_color_5_0089.png,f
2938,f/C_color_5_0090.png,f
2939,f/C_color_5_0091.png,f
2940,f/C_color_5_0092.png,f
2941,f/C_color_5_0093.png,f
2942,f/C_color_5_0094.png,f
2943,f/C_color_5_0095.png,f
2944,f/C_color_5_0096.png,f
2945,f/C_color_5_0097.png,f
2946,f/C_color_5_0098.png,f
2947,f/C_color_5_0099.png,f
2948,f/C_color_5_0100.png,f
2949,f/C_color_5_0101.png,f
2950,f/C_color_5_0102.png,f
2951,f/C_color_5_0103.png,f
2952,f/C_color_5_0104.png,f
2953,f/C_color_5_0105.png,f
2954,f/C_color_5_0106.png,f
2955,f/C_color_5_0107.png,f
2956,f/C_color_5_0108.png,f
2957,f/C_color_5_0109.png,f
2958,f/C_color_5_0110.png,f
2959,f/C_color_5_0111.png,f
2960,f/C_color_5_0112.png,f
2961,f/C_color_5_0113.png,f
2962,f/C_color_5_0114.png,f
2963,f/C_color_5_0115.png,f
2964,f/C_color_5_0116.png,f
2965,f/C_color_5_0117.png,f
2966,f/C_color_5_0118.png,f
2967,f/C_color_5_0119.png,f
2968,f/C_color_5_0120.png,f
2969,f/C_color_5_0121.png,f
2970,f/C_color_5_0122.png,f
2971,f/C_color_5_0123.png,f
2972,f/C_color_5_0124.png,f
2973,f/C_color_5_0125.png,f
2974,f/C_color_5_0126.png,f
2975,f/C_color_5_0127.png,f
2976,f/C_color_5_0128.png,f
2977,f/C_color_5_0129.png,f
2978,f/C_color_5_0130.png,f
2979,f/C_color_5_0131.png,f
2980,f/C_color_5_0132.png,f
2981,f/C_color_5_0133.png,f
2982,f/C_color_5_0134.png,f
2983,f/C_color_5_0135.png,f
2984,f/C_color_5_0136.png,f
2985,f/C_color_5_0137.png,f
2986,f/C_color_5_0138.png,f
2987,f/C_color_5_0139.png,f
2988,f/C_color_5_0140.png,f
2989,f/C_color_5_0141.png,f
2990,f/C_color_5_0142.png,f
2991,f/C_color_5_0143.png,f
2992,f/C_color_5_0144.png,f
2993,f/C_color_5_0145.png,f
2994,f/C_color_5_0146.png,f
2995,f/C_color_5_0147.png,f
2996,f/C_color_5_0148.png,f
2997,f/C_color_5_0149.png,f
2998,f/C_color_5_0150.png,f
2999,f/C_color_5_0151.png,f
3000,f/C_color_5_0152.png,f
3001,f/C_color_5_0153.png,f
3002,f/C_color_5_0154.png,f
3003,f/C_color_5_0155.png,f
3004,f/C_color_5_0156.png,f
3005,f/C_color_5_0157.png,f
3006,f/C_color_5_0158.png,f
3007,f/C_color_5_0159.png,f
3008,f/C_color_5_0160.png,f
3009,f/C_color_5_0161.png,f
3010,f/C_color_5_0162.png,f
3011,f/C_color_5_0163.png,f
3012,f/C_color_5_0164.png,f
3013,f/C_color_5_0165.png,f
3014,f/C_color_5_0166.png,f
3015,f/C_color_5_0167.png,f
3016,f/C_color_5_0168.png,f
3017,f/C_color_5_0169.png,f
3018,f/C_color_5_0170.png,f
3019,f/C_color_5_0171.png,f
3020,f/C_color_5_0172.png,f
3021,f/C_color_5_0173.png,f
3022,f/C_color_5_0174.png,f
3023,f/C_color_5_0175.png,f
3024,f/C_color_5_0176.png,f
3025,f/C_color_5_0177.png,f
3026,f/C_color_5_0178.png,f
3027,f/C_color_5_0179.png,f
3028,f/C_color_5_0180.png,f
3029,f/C_color_5_0181.png,f
3030,f/C_color_5_0182.png,f
3031,f/C_color_5_0183.png,f
3032,f/C_color_5_0184.png,f
3033,f/C_color_5_0185.png,f
3034,f/C_color_5_0186.png,f
3035,f/C_color_5_0187.png,f
3036,f/C_color_5_0188.png,f
3037,f/C_color_5_0189.png,f
3038,f/C_color_5_0190.png,f
3039,f/C_color_5_0191.png,f
3040,f/C_color_5_0192.png,f
3041,f/C_color_5_0193.png,f
3042,f/C_color_5_0194.png,f
3043,f/C_color_5_0195.png,f
3044,f/C_color_5_0196.png,f
3045,f/C_color_5_0197.png,f
3046,f/C_color_5_0198.png,f
3047,f/C_color_5_0199.png,f
3048,f/C_color_5_0200.png,f
3049,f/C_color_5_0201.png,f
3050,f/C_color_5_0202.png,f
3051,f/C_color_5_0203.png,f
3052,f/C_color_5_0204.png,f
3053,f/C_color_5_0205.png,f
3054,f/C_color_5_0206.png,f
3055,f/C_color_5_0207.png,f
3056,f/C_color_5_0208.png,f
3057,f/C_color_5_0209.png,f
3058,f/C_color_5_0210.png,f
3059,f/C_color_5_0211.png,f
3060,f/C_color_5_0212.png,f
3061,f/C_color_5_0213.png,f
3062,f/C_color_5_0214.png,f
3063,f/C_color_5_0215.png,f
3064,f/C_color_5_0216.png,f
3065,f/C_color_5_0217.png,f
3066,f/C_color_5_0218.png,f
3067,f/C_color_5_0219.png,f
3068,f/C_color_5_0220.png,f
3069,f/C_color_5_0221.png,f
3070,f/C_color_5_0222.png,f
3071,f/C_color_5_0223.png,f
3072,f/C_color_5_0224.png,f
3073,f/C_color_5_0225.png,f
3074,f/C_color_5_0226.png,f
3075,f/C_color_5_0227.png,f
3076,f/C_color_5_0228.png,f
3077,f/C_color_5_0229.png,f
3078,f/C_color_5_0230.png,f
3079,f/C_color_5_0231.png,f
3080,f/C_color_5_0232.png,f
3081,f/C_color_5_0233.png,f
3082,f/C_color_5_0234.png,f
3083,f/C_color_5_0235.png,f
3084,f/C_color_5_0236.png,f
3085,f/C_color_5_0237.png,f
3086,f/C_color_5_0238.png,f
3087,f/C_color_5_0239.png,f
3088,f/C_color_5_0240.png,f
3089,f/C_color_5_0241.png,f
3090,f/C_color_5_0242.png,f
3091,f/C_color_5_0243.png,f
3092,f/C_color_5_0244.png,f
3093,f/C_color_5_0245.png,f
3094,f/C_color_5_0246.png,f
3095,f/C_color_5_0247.png,f
3096,f/C_color_5_0248.png,f
3097,f/C_color_5_0249.png,f
3098,f/C_color_5_0250.png,f
3099,f/C_color_5_0251.png,f
3100,f/C_color_5_0252.png,f
3101,f/C_color_5_0253.png,f
3102,f/C_color_5_0254.png,f
3103,f/C_color_5_0255.png,f
3104,f/C_color_5_0256.png,f
3105,f/C_color_5_0257.png,f
3106,f/C_color_5_0258.png,f
3107,f/C_color_5_0259.png,f
3108,f/C_color_5_0260.png,f
3109,f/C_color_5_0261.png,f
3110,f/C_color_5_0262.png,f
3111,f/C_color_5_0263.png,f
3112,f/C_color_5_0264.png,f
3113,f/C_color_5_0265.png,f
3114,f/C_color_5_0266.png,f
3115,f/C_color_5_0267.png,f
3116,f/C_color_5_0268.png,f
3117,f/C_color_5_0269.png,f
3118,f/C_color_5_0270.png,f
3119,f/C_color_5_0271.png,f
3120,f/C_color_5_0272.png,f
3121,f/C_color_5_0273.png,f
3122,f/C_color_5_0274.png,f
3123,f/C_color_5_0275.png,f
3124,f/C_color_5_0276.png,f
3125,f/C_color_5_0277.png,f
3126,f/C_color_5_0278.png,f
3127,f/C_color_5_0279.png,f
3128,f/C_color_5_0280.png,f
3129,f/C_color_5_0281.png,f
3130,f/C_color_5_0282.png,f
3131,f/C_color_5_0283.png,f
3132,f/C_color_5_0284.png,f
3133,f/C_color_5_0285.png,f
3134,f/C_color_5_0286.png,f
3135,f/C_color_5_0287.png,f
3136,f/C_color_5_0288.png,f
3137,f/C_color_5_0289.png,f
3138,f/C_color_5_0290.png,f
3139,f/C_color_5_0291.png,f
3140,f/C_color_5_0292.png,f
3141,f/C_color_5_0293.png,f
3142,f/C_color_5_0294.png,f
3143,f/C_color_5_0295.png,f
3144,f/C_color_5_0296.png,f
3145,f/C_color_5_0297.png,f
3146,f/C_color_5_0298.png,f
3147,f/C_color_5_0299.png,f
3148,f/C_color_5_0300.png,f
3149,f/C_color_5_0301.png,f
3150,f/C_color_5_0302.png,f
3151,f/C_color_5_0303.png,f
3152,f/C_color_5_0304.png,f
3153,f/C_color_5_0305.png,f
3154,f/C_color_5_0306.png,f
3155,f/C_color_5_0307.png,f
3156,f/C_color_5_0308.png,f
3157,f/C_color_5_0309.png,f
3158,f/C_color_5_0310.png,f
3159,f/C_color_5_0311.png,f
3160,f/C_color_5_0312.png,f
3161,f/C_color_5_0313.png,f
3162,f/C_color_5_0314.png,f
3163,f/C_color_5_0315.png,f
3164,f/C_color_5_0316.png,f
3165,f/C_color_5_0317.png,f
3166,f/C_color_5_0318.png,f
3167,f/C_color_5_0319.png,f
3168,f/C_color_5_0320.png,f
3169,f/C_color_5_0321.png,f
3170,f/C_color_5_0322.png,f
3171,f/C_color_5_0323.png,f
3172,f/C_color_5_0324.png,f
3173,f/C_color_5_0325.png,f
3174,f/C_color_5_0326.png,f
3175,f/C_color_5_0327.png,f
3176,f/C_color_5_0328.png,f
3177,f/C_color_5_0329.png,f
3178,f/C_color_5_0330.png,f
3179,f/C_color_5_0331.png,f
3180,f/C_color_5_0332.png,f
3181,f/C_color_5_0333.png,f
3182,f/C_color_5_0334.png,f
3183,f/C_color_5_0335.png,f
3184,f/C_color_5_0336.png,f
3185,f/C_color_5_0337.png,f
3186,f/C_color_5_0338.png,f
3187,f/C_color_5_0339.png,f
3188,f/C_color_5_0340.png,f
3189,f/C_color_5_0341.png,f
3190,f/C_color_5_0342.png,f
3191,f/C_color_5_0343.png,f
3192,f/C_color_5_0344.png,f
3193,f/C_color_5_0345.png,f
3194,f/C_color_5_0346.png,f
3195,f/C_color_5_0347.png,f
3196,f/C_color_5_0348.png,f
3197,f/C_color_5_0349.png,f
3198,f/C_color_5_0350.png,f
3199,f/C_color_5_0351.png,f
3200,f/C_color_5_0352.png,f
3201,f/C_color_5_0353.png,f
3202,f/C_color_5_0354.png,f
3203,f/C_color_5_0355.png,f
3204,f/C_color_5_0356.png,f
3205,f/C_color_5_0357.png,f
3206,f/C_color_5_0358.png,f
3207,f/C_color_5_0359.png,f
3208,f/C_color_5_0360.png,f
3209,f/C_color_5_0361.png,f
3210,f/C_color_5_0362.png,f
3211,f/C_color_5_0363.png,f
3212,f/C_color_5_0364.png,f
3213,f/C_color_5_0365.png,f
3214,f/C_color_5_0366.png,f
3215,f/C_color_5_0367.png,f
3216,f/C_color_5_0368.png,f
3217,f/C_color_5_0369.png,f
3218,f/C_color_5_0370.png,f
3219,f/C_color_5_0371.png,f
3220,f/C_color_5_0372.png,f
3221,f/C_color_5_0373.png,f
3222,f/C_color_5_0374.png,f
3223,f/C_color_5_0375.png,f
3224,f/C_color_5_0376.png,f
3225,f/C_color_5_0377.png,f
3226,f/C_color_5_0378.png,f
3227,f/C_color_5_0379.png,f
3228,f/C_color_5_0380.png,f
3229,f/C_color_5_0381.png,f
3230,f/C_color_5_0382.png,f
3231,f/C_color_5_0383.png,f
3232,f/C_color_5_0384.png,f
3233,f/C_color_5_0385.png,f
3234,f/C_color_5_0386.png,f
3235,f/C_color_5_0387.png,f
3236,f/C_color_5_0388.png,f
3237,f/C_color_5_0389.png,f
3238,f/C_color_5_0390.png,f
3239,f/C_color_5_0391.png,f
3240,f/C_color_5_0392.png,f
3241,f/C_color_5_0393.png,f
3242,f/C_color_5_0394.png,f
3243,f/C_color_5_0395.png,f
3244,f/C_color_5_0396.png,f
3245,f/C_color_5_0397.png,f
3246,f/C_color_5_0398.png,f
3247,f/C_color_5_0399.png,f
3248,f/C_color_5_0400.png,f
3249,f/C_color_5_0401.png,f
3250,f/C_color_5_0402.png,f
3251,f/C_color_5_0403.png,f
3252,f/C_color_5_0404.png,f
3253,f/C_color_5_0405.png,f
3254,f/C_color_5_0406.png,f
3255,f/C_color_5_0407.png,f
3256,f/C_color_5_0408.png,f
3257,f/C_color_5_0409.png,f
3258,f/C_color_5_0410.png,f
3259,f/C_color_5_0411.png,f
3260,f/C_color_5_0412.png,f
3261,f/C_color_5_0413.png,f
3262,f/C_color_5_0414.png,f
3263,f/C_color_5_0415.png,f
3264,f/C_color_5_0416.png,f
3265,f/C_color_5_0417.png,f
3266,f/C_color_5_0418.png,f
3267,f/C_color_5_0419.png,f
3268,f/C_color_5_0420.png,f
3269,f/C_color_5_0421.png,f
3270,f/C_color_5_0422.png,f
3271,f/C_color_5_0423.png,f
3272,f/C_color_5_0424.png,f
3273,f/C_color_5_0425.png,f
3274,f/C_color_5_0426.png,f
3275,f/C_color_5_0427.png,f
3276,f/C_color_5_0428.png,f
3277,f/C_color_5_0429.png,f
3278,f/C_color_5_0430.png,f
3279,f/C_color_5_0431.png,f
3280,f/C_color_5_0432.png,f
3281,f/C_color_5_0433.png,f
3282,f/C_color_5_0434.png,f
3283,f/C_color_5_0435.png,f
3284,f/C_color_5_0436.png,f
3285,f/C_color_5_0437.png,f
3286,f/C_color_5_0438.png,f
3287,f/C_color_5_0439.png,f
3288,f/C_color_5_0440.png,f
3289,f/C_color_5_0441.png,f
3290,f/C_color_5_0442.png,f
3291,f/C_color_5_0443.png,f
3292,f/C_color_5_0444.png,f
3293,f/C_color_5_0445.png,f
3294,f/C_color_5_0446.png,f
3295,f/C_color_5_0447.png,f
3296,f/C_color_5_0448.png,f
3297,f/C_color_5_0449.png,f
3298,f/C_color_5_0450.png,f
3299,f/C_color_5_0451.png,f
3300,f/C_color_5_0452.png,f
3301,f/C_color_5_0453.png,f
3302,f/C_color_5_0454.png,f
3303,f/C_color_5_0455.png,f
3304,f/C_color_5_0456.png,f
3305,f/C_color_5_0457.png,f
3306,f/C_color_5_0458.png,f
3307,f/C_color_5_0459.png,f
3308,f/C_color_5_0460.png,f
3309,f/C_color_5_0461.png,f
3310,f/C_color_5_0462.png,f
3311,f/C_color_5_0463.png,f
3312,f/C_color_5_0464.png,f
3313,f/C_color_5_0465.png,f
3314,f/C_color_5_0466.png,f
3315,f/C_color_5_0467.png,f
3316,f/C_color_5_0468.png,f
3317,f/C_color_5_0469.png,f
3318,f/C_color_5_0470.png,f
3319,f/C_color_5_0471.png,f
3320,f/C_color_5_0472.png,f
3321,f/C_color_5_0473.png,f
3322,f/C_color_5_0474.png,f
3323,f/C_color_5_0475.png,f
3324,f/C_color_5_0476.png,f
3325,f/C_color_5_0477.png,f
3326,f/C_color_5_0478.png,f
3327,f/C_color_5_0479.png,f
3328,f/C_color_5_0480.png,f
3329,f/C_color_5_0481.png,f
3330,f/C_color_5_0482.png,f
3331,f/C_color_5_0483.png,f
3332,f/C_color_5_0484.png,f
3333,f/C_color_5_0485.png,f
3334,f/C_color_5_0486.png,f
3335,f/C_color_5_0487.png,f
3336,f/C_color_5_0488.png,f
3337,f/C_color_5_0489.png,f
3338,f/C_color_5_0490.png,f
3339,f/C_color_5_0491.png,f
3340,f/C_color_5_0492.png,f
3341,f/C_color_5_0493.png,f
3342,f/C_color_5_0494.png,f
3343,f/C_color_5_0495.png,f
3344,f/C_color_5_0496.png,f
3345,f/C_color_5_0497.png,f
3346,f/C_color_5_0498.png,f
3347,f/C_color_5_0499.png,f
3348,f/C_color_5_0500.png,f
3349,f/C_color_5_0501.png,f
3350,f/C_color_5_0502.png,f
3351,f/C_color_5_0503.png,f
3352,f/C_color_5_0504.png,f
3353,f/C_color_5_0505.png,f
3354,f/C_color_5_0506.png,f
3355,f/C_color_5_0507.png,f
3356,f/C_color_5_0508.png,f
3357,f/C_color_5_0509.png,f
3358,f/C_color_5_0510.png,f
3359,f/C_color_5_0511.png,f
3360,f/C_color_5_0512.png,f
3361,f/C_color_5_0513.png,f
3362,f/C_color_5_0514.png,f
3363,f/C_color_5_0515.png,f
3364,f/C_color_5_0516.png,f
3365,f/C_color_5_0517.png,f
3366,f/C_color_5_0518.png,f
3367,g/C_color_6_0002.png,g
3368,g/C_color_6_0003.png,g
3369,g/C_color_6_0004.png,g
3370,g/C_color_6_0005.png,g
3371,g/C_color_6_0006.png,g
3372,g/C_color_6_0007.png,g
3373,g/C_color_6_0008.png,g
3374,g/C_color_6_0009.png,g
3375,g/C_color_6_0010.png,g
3376,g/C_color_6_0011.png,g
3377,g/C_color_6_0012.png,g
3378,g/C_color_6_0013.png,g
3379,g/C_color_6_0014.png,g
3380,g/C_color_6_0015.png,g
3381,g/C_color_6_0016.png,g
3382,g/C_color_6_0017.png,g
3383,g/C_color_6_0018.png,g
3384,g/C_color_6_0019.png,g
3385,g/C_color_6_0020.png,g
3386,g/C_color_6_0021.png,g
3387,g/C_color_6_0022.png,g
3388,g/C_color_6_0023.png,g
3389,g/C_color_6_0024.png,g
3390,g/C_color_6_0025.png,g
3391,g/C_color_6_0026.png,g
3392,g/C_color_6_0027.png,g
3393,g/C_color_6_0028.png,g
3394,g/C_color_6_0029.png,g
3395,g/C_color_6_0030.png,g
3396,g/C_color_6_0031.png,g
3397,g/C_color_6_0032.png,g
3398,g/C_color_6_0033.png,g
3399,g/C_color_6_0034.png,g
3400,g/C_color_6_0035.png,g
3401,g/C_color_6_0036.png,g
3402,g/C_color_6_0037.png,g
3403,g/C_color_6_0038.png,g
3404,g/C_color_6_0039.png,g
3405,g/C_color_6_0040.png,g
3406,g/C_color_6_0041.png,g
3407,g/C_color_6_0042.png,g
3408,g/C_color_6_0043.png,g
3409,g/C_color_6_0044.png,g
3410,g/C_color_6_0045.png,g
3411,g/C_color_6_0046.png,g
3412,g/C_color_6_0047.png,g
3413,g/C_color_6_0048.png,g
3414,g/C_color_6_0049.png,g
3415,g/C_color_6_0050.png,g
3416,g/C_color_6_0051.png,g
3417,g/C_color_6_0052.png,g
3418,g/C_color_6_0053.png,g
3419,g/C_color_6_0054.png,g
3420,g/C_color_6_0055.png,g
3421,g/C_color_6_0056.png,g
3422,g/C_color_6_0057.png,g
3423,g/C_color_6_0058.png,g
3424,g/C_color_6_0059.png,g
3425,g/C_color_6_0060.png,g
3426,g/C_color_6_0061.png,g
3427,g/C_color_6_0062.png,g
3428,g/C_color_6_0063.png,g
3429,g/C_color_6_0064.png,g
3430,g/C_color_6_0065.png,g
3431,g/C_color_6_0066.png,g
3432,g/C_color_6_0067.png,g
3433,g/C_color_6_0068.png,g
3434,g/C_color_6_0069.png,g
3435,g/C_color_6_0070.png,g
3436,g/C_color_6_0071.png,g
3437,g/C_color_6_0072.png,g
3438,g/C_color_6_0073.png,g
3439,g/C_color_6_0074.png,g
3440,g/C_color_6_0075.png,g
3441,g/C_color_6_0076.png,g
3442,g/C_color_6_0077.png,g
3443,g/C_color_6_0078.png,g
3444,g/C_color_6_0079.png,g
3445,g/C_color_6_0080.png,g
3446,g/C_color_6_0081.png,g
3447,g/C_color_6_0082.png,g
3448,g/C_color_6_0083.png,g
3449,g/C_color_6_0084.png,g
3450,g/C_color_6_0085.png,g
3451,g/C_color_6_0086.png,g
3452,g/C_color_6_0087.png,g
3453,g/C_color_6_0088.png,g
3454,g/C_color_6_0089.png,g
3455,g/C_color_6_0090.png,g
3456,g/C_color_6_0091.png,g
3457,g/C_color_6_0092.png,g
3458,g/C_color_6_0093.png,g
3459,g/C_color_6_0094.png,g
3460,g/C_color_6_0095.png,g
3461,g/C_color_6_0096.png,g
3462,g/C_color_6_0097.png,g
3463,g/C_color_6_0098.png,g
3464,g/C_color_6_0099.png,g
3465,g/C_color_6_0100.png,g
3466,g/C_color_6_0101.png,g
3467,g/C_color_6_0102.png,g
3468,g/C_color_6_0103.png,g
3469,g/C_color_6_0104.png,g
3470,g/C_color_6_0105.png,g
3471,g/C_color_6_0106.png,g
3472,g/C_color_6_0107.png,g
3473,g/C_color_6_0108.png,g
3474,g/C_color_6_0109.png,g
3475,g/C_color_6_0110.png,g
3476,g/C_color_6_0111.png,g
3477,g/C_color_6_0112.png,g
3478,g/C_color_6_0113.png,g
3479,g/C_color_6_0114.png,g
3480,g/C_color_6_0115.png,g
3481,g/C_color_6_0116.png,g
3482,g/C_color_6_0117.png,g
3483,g/C_color_6_0118.png,g
3484,g/C_color_6_0119.png,g
3485,g/C_color_6_0120.png,g
3486,g/C_color_6_0121.png,g
3487,g/C_color_6_0122.png,g
3488,g/C_color_6_0123.png,g
3489,g/C_color_6_0124.png,g
3490,g/C_color_6_0125.png,g
3491,g/C_color_6_0126.png,g
3492,g/C_color_6_0127.png,g
3493,g/C_color_6_0128.png,g
3494,g/C_color_6_0129.png,g
3495,g/C_color_6_0130.png,g
3496,g/C_color_6_0131.png,g
3497,g/C_color_6_0132.png,g
3498,g/C_color_6_0133.png,g
3499,g/C_color_6_0134.png,g
3500,g/C_color_6_0135.png,g
3501,g/C_color_6_0136.png,g
3502,g/C_color_6_0137.png,g
3503,g/C_color_6_0138.png,g
3504,g/C_color_6_0139.png,g
3505,g/C_color_6_0140.png,g
3506,g/C_color_6_0141.png,g
3507,g/C_color_6_0142.png,g
3508,g/C_color_6_0143.png,g
3509,g/C_color_6_0144.png,g
3510,g/C_color_6_0145.png,g
3511,g/C_color_6_0146.png,g
3512,g/C_color_6_0147.png,g
3513,g/C_color_6_0148.png,g
3514,g/C_color_6_0149.png,g
3515,g/C_color_6_0150.png,g
3516,g/C_color_6_0151.png,g
3517,g/C_color_6_0152.png,g
3518,g/C_color_6_0153.png,g
3519,g/C_color_6_0154.png,g
3520,g/C_color_6_0155.png,g
3521,g/C_color_6_0156.png,g
3522,g/C_color_6_0157.png,g
3523,g/C_color_6_0158.png,g
3524,g/C_color_6_0159.png,g
3525,g/C_color_6_0160.png,g
3526,g/C_color_6_0161.png,g
3527,g/C_color_6_0162.png,g
3528,g/C_color_6_0163.png,g
3529,g/C_color_6_0164.png,g
3530,g/C_color_6_0165.png,g
3531,g/C_color_6_0166.png,g
3532,g/C_color_6_0167.png,g
3533,g/C_color_6_0168.png,g
3534,g/C_color_6_0169.png,g
3535,g/C_color_6_0170.png,g
3536,g/C_color_6_0171.png,g
3537,g/C_color_6_0172.png,g
3538,g/C_color_6_0173.png,g
3539,g/C_color_6_0174.png,g
3540,g/C_color_6_0175.png,g
3541,g/C_color_6_0176.png,g
3542,g/C_color_6_0177.png,g
3543,g/C_color_6_0178.png,g
3544,g/C_color_6_0179.png,g
3545,g/C_color_6_0180.png,g
3546,g/C_color_6_0181.png,g
3547,g/C_color_6_0182.png,g
3548,g/C_color_6_0183.png,g
3549,g/C_color_6_0184.png,g
3550,g/C_color_6_0185.png,g
3551,g/C_color_6_0186.png,g
3552,g/C_color_6_0187.png,g
3553,g/C_color_6_0188.png,g
3554,g/C_color_6_0189.png,g
3555,g/C_color_6_0190.png,g
3556,g/C_color_6_0191.png,g
3557,g/C_color_6_0192.png,g
3558,g/C_color_6_0193.png,g
3559,g/C_color_6_0194.png,g
3560,g/C_color_6_0195.png,g
3561,g/C_color_6_0196.png,g
3562,g/C_color_6_0197.png,g
3563,g/C_color_6_0198.png,g
3564,g/C_color_6_0199.png,g
3565,g/C_color_6_0200.png,g
3566,g/C_color_6_0201.png,g
3567,g/C_color_6_0202.png,g
3568,g/C_color_6_0203.png,g
3569,g/C_color_6_0204.png,g
3570,g/C_color_6_0205.png,g
3571,g/C_color_6_0206.png,g
3572,g/C_color_6_0207.png,g
3573,g/C_color_6_0208.png,g
3574,g/C_color_6_0209.png,g
3575,g/C_color_6_0210.png,g
3576,g/C_color_6_0211.png,g
3577,g/C_color_6_0212.png,g
3578,g/C_color_6_0213.png,g
3579,g/C_color_6_0214.png,g
3580,g/C_color_6_0215.png,g
3581,g/C_color_6_0216.png,g
3582,g/C_color_6_0217.png,g
3583,g/C_color_6_0218.png,g
3584,g/C_color_6_0219.png,g
3585,g/C_color_6_0220.png,g
3586,g/C_color_6_0221.png,g
3587,g/C_color_6_0222.png,g
3588,g/C_color_6_0223.png,g
3589,g/C_color_6_0224.png,g
3590,g/C_color_6_0225.png,g
3591,g/C_color_6_0226.png,g
3592,g/C_color_6_0227.png,g
3593,g/C_color_6_0228.png,g
3594,g/C_color_6_0229.png,g
3595,g/C_color_6_0230.png,g
3596,g/C_color_6_0231.png,g
3597,g/C_color_6_0232.png,g
3598,g/C_color_6_0233.png,g
3599,g/C_color_6_0234.png,g
3600,g/C_color_6_0235.png,g
3601,g/C_color_6_0236.png,g
3602,g/C_color_6_0237.png,g
3603,g/C_color_6_0238.png,g
3604,g/C_color_6_0239.png,k
3605,g/C_color_6_0240.png,g
3606,g/C_color_6_0241.png,g
3607,g/C_color_6_0242.png,g
3608,g/C_color_6_0243.png,g
3609,g/C_color_6_0244.png,g
3610,g/C_color_6_0245.png,g
3611,g/C_color_6_0246.png,g
3612,g/C_color_6_0247.png,g
3613,g/C_color_6_0248.png,g
3614,g/C_color_6_0249.png,g
3615,g/C_color_6_0250.png,g
3616,g/C_color_6_0251.png,g
3617,g/C_color_6_0252.png,g
3618,g/C_color_6_0253.png,g
3619,g/C_color_6_0254.png,g
3620,g/C_color_6_0255.png,g
3621,g/C_color_6_0256.png,g
3622,g/C_color_6_0257.png,g
3623,g/C_color_6_0258.png,g
3624,g/C_color_6_0259.png,g
3625,g/C_color_6_0260.png,g
3626,g/C_color_6_0261.png,g
3627,g/C_color_6_0262.png,g
3628,g/C_color_6_0263.png,g
3629,g/C_color_6_0264.png,g
3630,g/C_color_6_0265.png,g
3631,g/C_color_6_0266.png,g
3632,g/C_color_6_0267.png,g
3633,g/C_color_6_0268.png,g
3634,g/C_color_6_0269.png,g
3635,g/C_color_6_0270.png,g
3636,g/C_color_6_0271.png,g
3637,g/C_color_6_0272.png,g
3638,g/C_color_6_0273.png,g
3639,g/C_color_6_0274.png,g
3640,g/C_color_6_0275.png,g
3641,g/C_color_6_0276.png,g
3642,g/C_color_6_0277.png,g
3643,g/C_color_6_0278.png,g
3644,g/C_color_6_0279.png,g
3645,g/C_color_6_0280.png,g
3646,g/C_color_6_0281.png,g
3647,g/C_color_6_0282.png,g
3648,g/C_color_6_0283.png,g
3649,g/C_color_6_0284.png,g
3650,g/C_color_6_0285.png,g
3651,g/C_color_6_0286.png,g
3652,g/C_color_6_0287.png,g
3653,g/C_color_6_0288.png,g
3654,g/C_color_6_0289.png,g
3655,g/C_color_6_0290.png,g
3656,g/C_color_6_0291.png,g
3657,g/C_color_6_0292.png,g
3658,g/C_color_6_0293.png,g
3659,g/C_color_6_0294.png,g
3660,g/C_color_6_0295.png,g
3661,g/C_color_6_0296.png,g
3662,g/C_color_6_0297.png,g
3663,g/C_color_6_0298.png,g
3664,g/C_color_6_0299.png,g
3665,g/C_color_6_0300.png,g
3666,g/C_color_6_0301.png,g
3667,g/C_color_6_0302.png,g
3668,g/C_color_6_0303.png,g
3669,g/C_color_6_0304.png,g
3670,g/C_color_6_0305.png,g
3671,g/C_color_6_0306.png,g
3672,g/C_color_6_0307.png,g
3673,g/C_color_6_0308.png,g
3674,g/C_color_6_0309.png,g
3675,g/C_color_6_0310.png,g
3676,g/C_color_6_0311.png,g
3677,g/C_color_6_0312.png,g
3678,g/C_color_6_0313.png,g
3679,g/C_color_6_0314.png,g
3680,g/C_color_6_0315.png,g
3681,g/C_color_6_0316.png,g
3682,g/C_color_6_0317.png,g
3683,g/C_color_6_0318.png,g
3684,g/C_color_6_0319.png,g
3685,g/C_color_6_0320.png,g
3686,g/C_color_6_0321.png,g
3687,g/C_color_6_0322.png,g
3688,g/C_color_6_0323.png,g
3689,g/C_color_6_0324.png,g
3690,g/C_color_6_0325.png,g
3691,g/C_color_6_0326.png,g
3692,g/C_color_6_0327.png,g
3693,g/C_color_6_0328.png,g
3694,g/C_color_6_0329.png,g
3695,g/C_color_6_0330.png,g
3696,g/C_color_6_0331.png,g
3697,g/C_color_6_0332.png,g
3698,g/C_color_6_0333.png,g
3699,g/C_color_6_0334.png,g
3700,g/C_color_6_0335.png,g
3701,g/C_color_6_0336.png,g
3702,g/C_color_6_0337.png,g
3703,g/C_color_6_0338.png,g
3704,g/C_color_6_0339.png,g
3705,g/C_color_6_0340.png,g
3706,g/C_color_6_0341.png,g
3707,g/C_color_6_0342.png,g
3708,g/C_color_6_0343.png,g
3709,g/C_color_6_0344.png,g
3710,g/C_color_6_0345.png,g
3711,g/C_color_6_0346.png,g
3712,g/C_color_6_0347.png,g
3713,g/C_color_6_0348.png,g
3714,g/C_color_6_0349.png,g
3715,g/C_color_6_0350.png,g
3716,g/C_color_6_0351.png,g
3717,g/C_color_6_0352.png,g
3718,g/C_color_6_0353.png,g
3719,g/C_color_6_0354.png,g
3720,g/C_color_6_0355.png,g
3721,g/C_color_6_0356.png,g
3722,g/C_color_6_0357.png,g
3723,g/C_color_6_0358.png,g
3724,g/C_color_6_0359.png,g
3725,g/C_color_6_0360.png,g
3726,g/C_color_6_0361.png,g
3727,g/C_color_6_0362.png,g
3728,g/C_color_6_0363.png,g
3729,g/C_color_6_0364.png,g
3730,g/C_color_6_0365.png,g
3731,g/C_color_6_0366.png,g
3732,g/C_color_6_0367.png,g
3733,g/C_color_6_0368.png,g
3734,g/C_color_6_0369.png,g
3735,g/C_color_6_0370.png,g
3736,g/C_color_6_0371.png,g
3737,g/C_color_6_0372.png,g
3738,g/C_color_6_0373.png,g
3739,g/C_color_6_0374.png,g
3740,g/C_color_6_0375.png,g
3741,g/C_color_6_0376.png,g
3742,g/C_color_6_0377.png,g
3743,g/C_color_6_0378.png,g
3744,g/C_color_6_0379.png,g
3745,g/C_color_6_0380.png,g
3746,g/C_color_6_0381.png,g
3747,g/C_color_6_0382.png,g
3748,g/C_color_6_0383.png,g
3749,g/C_color_6_0384.png,g
3750,g/C_color_6_0385.png,g
3751,g/C_color_6_0386.png,g
3752,g/C_color_6_0387.png,g
3753,g/C_color_6_0388.png,g
3754,g/C_color_6_0389.png,g
3755,g/C_color_6_0390.png,g
3756,g/C_color_6_0391.png,g
3757,g/C_color_6_0392.png,g
3758,g/C_color_6_0393.png,g
3759,g/C_color_6_0394.png,g
3760,g/C_color_6_0395.png,g
3761,g/C_color_6_0396.png,g
3762,g/C_color_6_0397.png,g
3763,g/C_color_6_0398.png,g
3764,g/C_color_6_0399.png,g
3765,g/C_color_6_0400.png,g
3766,g/C_color_6_0401.png,g
3767,g/C_color_6_0402.png,g
3768,g/C_color_6_0403.png,g
3769,g/C_color_6_0404.png,g
3770,g/C_color_6_0405.png,g
3771,g/C_color_6_0406.png,g
3772,g/C_color_6_0407.png,g
3773,g/C_color_6_0408.png,g
3774,g/C_color_6_0409.png,g
3775,g/C_color_6_0410.png,g
3776,g/C_color_6_0411.png,g
3777,g/C_color_6_0412.png,g
3778,g/C_color_6_0413.png,g
3779,g/C_color_6_0414.png,g
3780,g/C_color_6_0415.png,g
3781,g/C_color_6_0416.png,g
3782,g/C_color_6_0417.png,g
3783,g/C_color_6_0418.png,g
3784,g/C_color_6_0419.png,g
3785,g/C_color_6_0420.png,g
3786,g/C_color_6_0421.png,g
3787,g/C_color_6_0422.png,g
3788,g/C_color_6_0423.png,g
3789,g/C_color_6_0424.png,g
3790,g/C_color_6_0425.png,g
3791,g/C_color_6_0426.png,g
3792,g/C_color_6_0427.png,g
3793,g/C_color_6_0428.png,g
3794,g/C_color_6_0429.png,g
3795,g/C_color_6_0430.png,g
3796,g/C_color_6_0431.png,g
3797,g/C_color_6_0432.png,g
3798,g/C_color_6_0433.png,g
3799,g/C_color_6_0434.png,g
3800,g/C_color_6_0435.png,g
3801,g/C_color_6_0436.png,g
3802,g/C_color_6_0437.png,g
3803,g/C_color_6_0438.png,g
3804,g/C_color_6_0439.png,g
3805,g/C_color_6_0440.png,g
3806,g/C_color_6_0441.png,g
3807,g/C_color_6_0442.png,g
3808,g/C_color_6_0443.png,g
3809,g/C_color_6_0444.png,g
3810,g/C_color_6_0445.png,g
3811,g/C_color_6_0446.png,g
3812,g/C_color_6_0447.png,g
3813,g/C_color_6_0448.png,g
3814,g/C_color_6_0449.png,g
3815,g/C_color_6_0450.png,g
3816,g/C_color_6_0451.png,g
3817,g/C_color_6_0452.png,g
3818,g/C_color_6_0453.png,g
3819,g/C_color_6_0454.png,g
3820,g/C_color_6_0455.png,g
3821,g/C_color_6_0456.png,g
3822,g/C_color_6_0457.png,g
3823,g/C_color_6_0458.png,g
3824,g/C_color_6_0459.png,g
3825,g/C_color_6_0460.png,g
3826,g/C_color_6_0461.png,g
3827,g/C_color_6_0462.png,g
3828,g/C_color_6_0463.png,g
3829,g/C_color_6_0464.png,g
3830,g/C_color_6_0465.png,g
3831,g/C_color_6_0466.png,g
3832,g/C_color_6_0467.png,g
3833,g/C_color_6_0468.png,g
3834,g/C_color_6_0469.png,g
3835,g/C_color_6_0470.png,g
3836,g/C_color_6_0471.png,g
3837,g/C_color_6_0472.png,g
3838,g/C_color_6_0473.png,g
3839,g/C_color_6_0474.png,g
3840,g/C_color_6_0475.png,g
3841,g/C_color_6_0476.png,g
3842,g/C_color_6_0477.png,g
3843,g/C_color_6_0478.png,g
3844,g/C_color_6_0479.png,g
3845,g/C_color_6_0480.png,g
3846,g/C_color_6_0481.png,g
3847,g/C_color_6_0482.png,g
3848,g/C_color_6_0483.png,g
3849,g/C_color_6_0484.png,g
3850,g/C_color_6_0485.png,g
3851,g/C_color_6_0486.png,g
3852,g/C_color_6_0487.png,g
3853,g/C_color_6_0488.png,g
3854,g/C_color_6_0489.png,g
3855,g/C_color_6_0490.png,g
3856,g/C_color_6_0491.png,g
3857,g/C_color_6_0492.png,g
3858,g/C_color_6_0493.png,g
3859,g/C_color_6_0494.png,g
3860,g/C_color_6_0495.png,g
3861,g/C_color_6_0496.png,g
3862,g/C_color_6_0497.png,g
3863,g/C_color_6_0498.png,g
3864,g/C_color_6_0499.png,g
3865,g/C_color_6_0500.png,g
3866,g/C_color_6_0501.png,g
3867,g/C_color_6_0502.png,g
3868,g/C_color_6_0503.png,g
3869,g/C_color_6_0504.png,g
3870,g/C_color_6_0505.png,g
3871,g/C_color_6_0506.png,g
3872,g/C_color_6_0507.png,g
3873,g/C_color_6_0508.png,g
3874,g/C_color_6_0509.png,g
3875,g/C_color_6_0510.png,g
3876,g/C_color_6_0511.png,g
3877,g/C_color_6_0512.png,g
3878,g/C_color_6_0513.png,g
3879,g/C_color_6_0514.png,g
3880,g/C_color_6_0515.png,g
3881,g/C_color_6_0516.png,g
3882,g/C_color_6_0517.png,g
3883,g/C_color_6_0518.png,g
3884,g/C_color_6_0519.png,g
3885,g/C_color_6_0520.png,g
3886,g/C_color_6_0521.png,g
3887,g/C_color_6_0522.png,g
3888,g/C_color_6_0523.png,g
3889,g/C_color_6_0524.png,g
3890,g/C_color_6_0525.png,g
3891,g/C_color_6_0526.png,g
3892,g/C_color_6_0527.png,g
3893,g/C_color_6_0528.png,g
3894,g/C_color_6_0529.png,g
3895,g/C_color_6_0530.png,g
3896,g/C_color_6_0531.png,g
3897,g/C_color_6_0532.png,g
3898,h/C_color_7_0002.png,h
3899,h/C_color_7_0003.png,h
3900,h/C_color_7_0004.png,h
3901,h/C_color_7_0005.png,h
3902,h/C_color_7_0006.png,h
3903,h/C_color_7_0007.png,h
3904,h/C_color_7_0008.png,h
3905,h/C_color_7_0009.png,h
3906,h/C_color_7_0010.png,h
3907,h/C_color_7_0011.png,h
3908,h/C_color_7_0012.png,h
3909,h/C_color_7_0013.png,h
3910,h/C_color_7_0014.png,h
3911,h/C_color_7_0015.png,h
3912,h/C_color_7_0016.png,h
3913,h/C_color_7_0017.png,h
3914,h/C_color_7_0018.png,h
3915,h/C_color_7_0019.png,h
3916,h/C_color_7_0020.png,h
3917,h/C_color_7_0021.png,h
3918,h/C_color_7_0022.png,h
3919,h/C_color_7_0023.png,h
3920,h/C_color_7_0024.png,h
3921,h/C_color_7_0025.png,h
3922,h/C_color_7_0026.png,h
3923,h/C_color_7_0027.png,h
3924,h/C_color_7_0028.png,h
3925,h/C_color_7_0029.png,h
3926,h/C_color_7_0030.png,h
3927,h/C_color_7_0031.png,h
3928,h/C_color_7_0032.png,h
3929,h/C_color_7_0033.png,h
3930,h/C_color_7_0034.png,h
3931,h/C_color_7_0035.png,h
3932,h/C_color_7_0036.png,h
3933,h/C_color_7_0037.png,h
3934,h/C_color_7_0038.png,h
3935,h/C_color_7_0039.png,h
3936,h/C_color_7_0040.png,h
3937,h/C_color_7_0041.png,h
3938,h/C_color_7_0042.png,h
3939,h/C_color_7_0043.png,h
3940,h/C_color_7_0044.png,h
3941,h/C_color_7_0045.png,h
3942,h/C_color_7_0046.png,h
3943,h/C_color_7_0047.png,h
3944,h/C_color_7_0048.png,h
3945,h/C_color_7_0049.png,h
3946,h/C_color_7_0050.png,h
3947,h/C_color_7_0051.png,h
3948,h/C_color_7_0052.png,h
3949,h/C_color_7_0053.png,h
3950,h/C_color_7_0054.png,h
3951,h/C_color_7_0055.png,h
3952,h/C_color_7_0056.png,h
3953,h/C_color_7_0057.png,h
3954,h/C_color_7_0058.png,h
3955,h/C_color_7_0059.png,h
3956,h/C_color_7_0060.png,h
3957,h/C_color_7_0061.png,h
3958,h/C_color_7_0062.png,h
3959,h/C_color_7_0063.png,h
3960,h/C_color_7_0064.png,h
3961,h/C_color_7_0065.png,h
3962,h/C_color_7_0066.png,h
3963,h/C_color_7_0067.png,h
3964,h/C_color_7_0068.png,h
3965,h/C_color_7_0069.png,h
3966,h/C_color_7_0070.png,h
3967,h/C_color_7_0071.png,h
3968,h/C_color_7_0072.png,h
3969,h/C_color_7_0073.png,h
3970,h/C_color_7_0074.png,h
3971,h/C_color_7_0075.png,h
3972,h/C_color_7_0076.png,h
3973,h/C_color_7_0077.png,h
3974,h/C_color_7_0078.png,h
3975,h/C_color_7_0079.png,h
3976,h/C_color_7_0080.png,h
3977,h/C_color_7_0081.png,h
3978,h/C_color_7_0082.png,h
3979,h/C_color_7_0083.png,h
3980,h/C_color_7_0084.png,h
3981,h/C_color_7_0085.png,h
3982,h/C_color_7_0086.png,h
3983,h/C_color_7_0087.png,h
3984,h/C_color_7_0088.png,h
3985,h/C_color_7_0089.png,h
3986,h/C_color_7_0090.png,h
3987,h/C_color_7_0091.png,h
3988,h/C_color_7_0092.png,h
3989,h/C_color_7_0093.png,h
3990,h/C_color_7_0094.png,h
3991,h/C_color_7_0095.png,h
3992,h/C_color_7_0096.png,h
3993,h/C_color_7_0097.png,h
3994,h/C_color_7_0098.png,h
3995,h/C_color_7_0099.png,h
3996,h/C_color_7_0100.png,h
3997,h/C_color_7_0101.png,h
3998,h/C_color_7_0102.png,h
3999,h/C_color_7_0103.png,h
4000,h/C_color_7_0104.png,h
4001,h/C_color_7_0105.png,h
4002,h/C_color_7_0106.png,h
4003,h/C_color_7_0107.png,h
4004,h/C_color_7_0108.png,h
4005,h/C_color_7_0109.png,h
4006,h/C_color_7_0110.png,h
4007,h/C_color_7_0111.png,h
4008,h/C_color_7_0112.png,h
4009,h/C_color_7_0113.png,h
4010,h/C_color_7_0114.png,h
4011,h/C_color_7_0115.png,h
4012,h/C_color_7_0116.png,h
4013,h/C_color_7_0117.png,h
4014,h/C_color_7_0118.png,h
4015,h/C_color_7_0119.png,h
4016,h/C_color_7_0120.png,h
4017,h/C_color_7_0121.png,h
4018,h/C_color_7_0122.png,h
4019,h/C_color_7_0123.png,h
4020,h/C_color_7_0124.png,h
4021,h/C_color_7_0125.png,h
4022,h/C_color_7_0126.png,h
4023,h/C_color_7_0127.png,h
4024,h/C_color_7_0128.png,h
4025,h/C_color_7_0129.png,h
4026,h/C_color_7_0130.png,h
4027,h/C_color_7_0131.png,h
4028,h/C_color_7_0132.png,h
4029,h/C_color_7_0133.png,h
4030,h/C_color_7_0134.png,h
4031,h/C_color_7_0135.png,h
4032,h/C_color_7_0136.png,h
4033,h/C_color_7_0137.png,h
4034,h/C_color_7_0138.png,h
4035,h/C_color_7_0139.png,h
4036,h/C_color_7_0140.png,h
4037,h/C_color_7_0141.png,h
4038,h/C_color_7_0142.png,h
4039,h/C_color_7_0143.png,h
4040,h/C_color_7_0144.png,h
4041,h/C_color_7_0145.png,h
4042,h/C_color_7_0146.png,h
4043,h/C_color_7_0147.png,h
4044,h/C_color_7_0148.png,h
4045,h/C_color_7_0149.png,h
4046,h/C_color_7_0150.png,h
4047,h/C_color_7_0151.png,h
4048,h/C_color_7_0152.png,h
4049,h/C_color_7_0153.png,h
4050,h/C_color_7_0154.png,h
4051,h/C_color_7_0155.png,h
4052,h/C_color_7_0156.png,h
4053,h/C_color_7_0157.png,h
4054,h/C_color_7_0158.png,h
4055,h/C_color_7_0159.png,h
4056,h/C_color_7_0160.png,h
4057,h/C_color_7_0161.png,h
4058,h/C_color_7_0162.png,h
4059,h/C_color_7_0163.png,h
4060,h/C_color_7_0164.png,h
4061,h/C_color_7_0165.png,h
4062,h/C_color_7_0166.png,h
4063,h/C_color_7_0167.png,h
4064,h/C_color_7_0168.png,h
4065,h/C_color_7_0169.png,h
4066,h/C_color_7_0170.png,h
4067,h/C_color_7_0171.png,h
4068,h/C_color_7_0172.png,h
4069,h/C_color_7_0173.png,h
4070,h/C_color_7_0174.png,h
4071,h/C_color_7_0175.png,h
4072,h/C_color_7_0176.png,h
4073,h/C_color_7_0177.png,h
4074,h/C_color_7_0178.png,h
4075,h/C_color_7_0179.png,h
4076,h/C_color_7_0180.png,h
4077,h/C_color_7_0181.png,h
4078,h/C_color_7_0182.png,h
4079,h/C_color_7_0183.png,h
4080,h/C_color_7_0184.png,h
4081,h/C_color_7_0185.png,h
4082,h/C_color_7_0186.png,h
4083,h/C_color_7_0187.png,h
4084,h/C_color_7_0188.png,h
4085,h/C_color_7_0189.png,h
4086,h/C_color_7_0190.png,h
4087,h/C_color_7_0191.png,h
4088,h/C_color_7_0192.png,h
4089,h/C_color_7_0193.png,h
4090,h/C_color_7_0194.png,h
4091,h/C_color_7_0195.png,h
4092,h/C_color_7_0196.png,h
4093,h/C_color_7_0197.png,h
4094,h/C_color_7_0198.png,h
4095,h/C_color_7_0199.png,h
4096,h/C_color_7_0200.png,h
4097,h/C_color_7_0201.png,h
4098,h/C_color_7_0202.png,h
4099,h/C_color_7_0203.png,h
4100,h/C_color_7_0204.png,h
4101,h/C_color_7_0205.png,h
4102,h/C_color_7_0206.png,h
4103,h/C_color_7_0207.png,h
4104,h/C_color_7_0208.png,h
4105,h/C_color_7_0209.png,h
4106,h/C_color_7_0210.png,h
4107,h/C_color_7_0211.png,h
4108,h/C_color_7_0212.png,h
4109,h/C_color_7_0213.png,h
4110,h/C_color_7_0214.png,h
4111,h/C_color_7_0215.png,h
4112,h/C_color_7_0216.png,h
4113,h/C_color_7_0217.png,h
4114,h/C_color_7_0218.png,h
4115,h/C_color_7_0219.png,h
4116,h/C_color_7_0220.png,h
4117,h/C_color_7_0221.png,h
4118,h/C_color_7_0222.png,h
4119,h/C_color_7_0223.png,h
4120,h/C_color_7_0224.png,h
4121,h/C_color_7_0225.png,h
4122,h/C_color_7_0226.png,h
4123,h/C_color_7_0227.png,h
4124,h/C_color_7_0228.png,h
4125,h/C_color_7_0229.png,h
4126,h/C_color_7_0230.png,h
4127,h/C_color_7_0231.png,h
4128,h/C_color_7_0232.png,h
4129,h/C_color_7_0233.png,h
4130,h/C_color_7_0234.png,h
4131,h/C_color_7_0235.png,h
4132,h/C_color_7_0236.png,h
4133,h/C_color_7_0237.png,h
4134,h/C_color_7_0238.png,h
4135,h/C_color_7_0239.png,h
4136,h/C_color_7_0240.png,h
4137,h/C_color_7_0241.png,h
4138,h/C_color_7_0242.png,h
4139,h/C_color_7_0243.png,h
4140,h/C_color_7_0244.png,h
4141,h/C_color_7_0245.png,h
4142,h/C_color_7_0246.png,h
4143,h/C_color_7_0247.png,h
4144,h/C_color_7_0248.png,h
4145,h/C_color_7_0249.png,h
4146,h/C_color_7_0250.png,h
4147,h/C_color_7_0251.png,h
4148,h/C_color_7_0252.png,h
4149,h/C_color_7_0253.png,h
4150,h/C_color_7_0254.png,h
4151,h/C_color_7_0255.png,h
4152,h/C_color_7_0256.png,h
4153,h/C_color_7_0257.png,h
4154,h/C_color_7_0258.png,h
4155,h/C_color_7_0259.png,h
4156,h/C_color_7_0260.png,h
4157,h/C_color_7_0261.png,h
4158,h/C_color_7_0262.png,h
4159,h/C_color_7_0263.png,h
4160,h/C_color_7_0264.png,h
4161,h/C_color_7_0265.png,h
4162,h/C_color_7_0266.png,h
4163,h/C_color_7_0267.png,h
4164,h/C_color_7_0268.png,h
4165,h/C_color_7_0269.png,h
4166,h/C_color_7_0270.png,h
4167,h/C_color_7_0271.png,h
4168,h/C_color_7_0272.png,h
4169,h/C_color_7_0273.png,h
4170,h/C_color_7_0274.png,h
4171,h/C_color_7_0275.png,h
4172,h/C_color_7_0276.png,h
4173,h/C_color_7_0277.png,h
4174,h/C_color_7_0278.png,h
4175,h/C_color_7_0279.png,h
4176,h/C_color_7_0280.png,h
4177,h/C_color_7_0281.png,h
4178,h/C_color_7_0282.png,h
4179,h/C_color_7_0283.png,h
4180,h/C_color_7_0284.png,h
4181,h/C_color_7_0285.png,h
4182,h/C_color_7_0286.png,h
4183,h/C_color_7_0287.png,h
4184,h/C_color_7_0288.png,h
4185,h/C_color_7_0289.png,h
4186,h/C_color_7_0290.png,h
4187,h/C_color_7_0291.png,h
4188,h/C_color_7_0292.png,h
4189,h/C_color_7_0293.png,h
4190,h/C_color_7_0294.png,h
4191,h/C_color_7_0295.png,h
4192,h/C_color_7_0296.png,h
4193,h/C_color_7_0297.png,h
4194,h/C_color_7_0298.png,h
4195,h/C_color_7_0299.png,h
4196,h/C_color_7_0300.png,h
4197,h/C_color_7_0301.png,h
4198,h/C_color_7_0302.png,h
4199,h/C_color_7_0303.png,h
4200,h/C_color_7_0304.png,h
4201,h/C_color_7_0305.png,h
4202,h/C_color_7_0306.png,h
4203,h/C_color_7_0307.png,h
4204,h/C_color_7_0308.png,h
4205,h/C_color_7_0309.png,h
4206,h/C_color_7_0310.png,h
4207,h/C_color_7_0311.png,h
4208,h/C_color_7_0312.png,h
4209,h/C_color_7_0313.png,h
4210,h/C_color_7_0314.png,h
4211,h/C_color_7_0315.png,h
4212,h/C_color_7_0316.png,h
4213,h/C_color_7_0317.png,h
4214,h/C_color_7_0318.png,h
4215,h/C_color_7_0319.png,h
4216,h/C_color_7_0320.png,h
4217,h/C_color_7_0321.png,h
4218,h/C_color_7_0322.png,h
4219,h/C_color_7_0323.png,h
4220,h/C_color_7_0324.png,h
4221,h/C_color_7_0325.png,h
4222,h/C_color_7_0326.png,h
4223,h/C_color_7_0327.png,h
4224,h/C_color_7_0328.png,h
4225,h/C_color_7_0329.png,h
4226,h/C_color_7_0330.png,h
4227,h/C_color_7_0331.png,h
4228,h/C_color_7_0332.png,h
4229,h/C_color_7_0333.png,h
4230,h/C_color_7_0334.png,h
4231,h/C_color_7_0335.png,h
4232,h/C_color_7_0336.png,h
4233,h/C_color_7_0337.png,h
4234,h/C_color_7_0338.png,h
4235,h/C_color_7_0339.png,h
4236,h/C_color_7_0340.png,h
4237,h/C_color_7_0341.png,h
4238,h/C_color_7_0342.png,h
4239,h/C_color_7_0343.png,h
4240,h/C_color_7_0344.png,h
4241,h/C_color_7_0345.png,h
4242,h/C_color_7_0346.png,h
4243,h/C_color_7_0347.png,h
4244,h/C_color_7_0348.png,h
4245,h/C_color_7_0349.png,h
4246,h/C_color_7_0350.png,h
4247,h/C_color_7_0351.png,h
4248,h/C_color_7_0352.png,h
4249,h/C_color_7_0353.png,h
4250,h/C_color_7_0354.png,h
4251,h/C_color_7_0355.png,h
4252,h/C_color_7_0356.png,h
4253,h/C_color_7_0357.png,h
4254,h/C_color_7_0358.png,h
4255,h/C_color_7_0359.png,h
4256,h/C_color_7_0360.png,h
4257,h/C_color_7_0361.png,h
4258,h/C_color_7_0362.png,h
4259,h/C_color_7_0363.png,h
4260,h/C_color_7_0364.png,h
4261,h/C_color_7_0365.png,h
4262,h/C_color_7_0366.png,h
4263,h/C_color_7_0367.png,h
4264,h/C_color_7_0368.png,h
4265,h/C_color_7_0369.png,h
4266,h/C_color_7_0370.png,h
4267,h/C_color_7_0371.png,h
4268,h/C_color_7_0372.png,h
4269,h/C_color_7_0373.png,h
4270,h/C_color_7_0374.png,h
4271,h/C_color_7_0375.png,h
4272,h/C_color_7_0376.png,h
4273,h/C_color_7_0377.png,h
4274,h/C_color_7_0378.png,h
4275,h/C_color_7_0379.png,h
4276,h/C_color_7_0380.png,h
4277,h/C_color_7_0381.png,h
4278,h/C_color_7_0382.png,h
4279,h/C_color_7_0383.png,h
4280,h/C_color_7_0384.png,h
4281,h/C_color_7_0385.png,h
4282,h/C_color_7_0386.png,h
4283,h/C_color_7_0387.png,h
4284,h/C_color_7_0388.png,h
4285,h/C_color_7_0389.png,h
4286,h/C_color_7_0390.png,h
4287,h/C_color_7_0391.png,h
4288,h/C_color_7_0392.png,h
4289,h/C_color_7_0393.png,h
4290,h/C_color_7_0394.png,h
4291,h/C_color_7_0395.png,h
4292,h/C_color_7_0396.png,h
4293,h/C_color_7_0397.png,h
4294,h/C_color_7_0398.png,h
4295,h/C_color_7_0399.png,h
4296,h/C_color_7_0400.png,h
4297,h/C_color_7_0401.png,h
4298,h/C_color_7_0402.png,h
4299,h/C_color_7_0403.png,h
4300,h/C_color_7_0404.png,h
4301,h/C_color_7_0405.png,h
4302,h/C_color_7_0406.png,h
4303,h/C_color_7_0407.png,h
4304,h/C_color_7_0408.png,h
4305,h/C_color_7_0409.png,h
4306,h/C_color_7_0410.png,h
4307,h/C_color_7_0411.png,h
4308,h/C_color_7_0412.png,h
4309,h/C_color_7_0413.png,h
4310,h/C_color_7_0414.png,h
4311,h/C_color_7_0415.png,h
4312,h/C_color_7_0416.png,h
4313,h/C_color_7_0417.png,h
4314,h/C_color_7_0418.png,h
4315,h/C_color_7_0419.png,h
4316,h/C_color_7_0420.png,h
4317,h/C_color_7_0421.png,h
4318,h/C_color_7_0422.png,h
4319,h/C_color_7_0423.png,h
4320,h/C_color_7_0424.png,h
4321,h/C_color_7_0425.png,h
4322,h/C_color_7_0426.png,h
4323,h/C_color_7_0427.png,h
4324,h/C_color_7_0428.png,h
4325,h/C_color_7_0429.png,h
4326,h/C_color_7_0430.png,h
4327,h/C_color_7_0431.png,h
4328,h/C_color_7_0432.png,h
4329,h/C_color_7_0433.png,h
4330,h/C_color_7_0434.png,h
4331,h/C_color_7_0435.png,h
4332,h/C_color_7_0436.png,h
4333,h/C_color_7_0437.png,h
4334,h/C_color_7_0438.png,h
4335,h/C_color_7_0439.png,h
4336,h/C_color_7_0440.png,h
4337,h/C_color_7_0441.png,h
4338,h/C_color_7_0442.png,h
4339,h/C_color_7_0443.png,h
4340,h/C_color_7_0444.png,h
4341,h/C_color_7_0445.png,h
4342,h/C_color_7_0446.png,h
4343,h/C_color_7_0447.png,h
4344,h/C_color_7_0448.png,h
4345,h/C_color_7_0449.png,h
4346,h/C_color_7_0450.png,h
4347,h/C_color_7_0451.png,h
4348,h/C_color_7_0452.png,h
4349,h/C_color_7_0453.png,h
4350,h/C_color_7_0454.png,h
4351,h/C_color_7_0455.png,h
4352,h/C_color_7_0456.png,h
4353,h/C_color_7_0457.png,h
4354,h/C_color_7_0458.png,h
4355,h/C_color_7_0459.png,h
4356,h/C_color_7_0460.png,h
4357,h/C_color_7_0461.png,h
4358,h/C_color_7_0462.png,h
4359,h/C_color_7_0463.png,h
4360,h/C_color_7_0464.png,h
4361,h/C_color_7_0465.png,h
4362,h/C_color_7_0466.png,h
4363,h/C_color_7_0467.png,h
4364,h/C_color_7_0468.png,h
4365,h/C_color_7_0469.png,h
4366,h/C_color_7_0470.png,h
4367,h/C_color_7_0471.png,h
4368,h/C_color_7_0472.png,h
4369,h/C_color_7_0473.png,h
4370,h/C_color_7_0474.png,h
4371,h/C_color_7_0475.png,h
4372,h/C_color_7_0476.png,h
4373,h/C_color_7_0477.png,h
4374,h/C_color_7_0478.png,h
4375,h/C_color_7_0479.png,h
4376,h/C_color_7_0480.png,h
4377,h/C_color_7_0481.png,h
4378,h/C_color_7_0482.png,h
4379,h/C_color_7_0483.png,h
4380,h/C_color_7_0484.png,h
4381,h/C_color_7_0485.png,h
4382,h/C_color_7_0486.png,h
4383,h/C_color_7_0487.png,h
4384,h/C_color_7_0488.png,h
4385,h/C_color_7_0489.png,h
4386,h/C_color_7_0490.png,h
4387,h/C_color_7_0491.png,h
4388,h/C_color_7_0492.png,h
4389,h/C_color_7_0493.png,h
4390,h/C_color_7_0494.png,h
4391,h/C_color_7_0495.png,h
4392,h/C_color_7_0496.png,h
4393,h/C_color_7_0497.png,h
4394,h/C_color_7_0498.png,h
4395,h/C_color_7_0499.png,h
4396,h/C_color_7_0500.png,h
4397,h/C_color_7_0501.png,h
4398,h/C_color_7_0502.png,h
4399,h/C_color_7_0503.png,h
4400,h/C_color_7_0504.png,h
4401,h/C_color_7_0505.png,h
4402,h/C_color_7_0506.png,h
4403,h/C_color_7_0507.png,h
4404,h/C_color_7_0508.png,h
4405,h/C_color_7_0509.png,h
4406,h/C_color_7_0510.png,h
4407,h/C_color_7_0511.png,h
4408,h/C_color_7_0512.png,h
4409,h/C_color_7_0513.png,h
4410,h/C_color_7_0514.png,h
4411,h/C_color_7_0515.png,h
4412,h/C_color_7_0516.png,h
4413,h/C_color_7_0517.png,h
4414,h/C_color_7_0518.png,h
4415,h/C_color_7_0519.png,h
4416,h/C_color_7_0520.png,h
4417,h/C_color_7_0521.png,h
4418,h/C_color_7_0522.png,h
4419,h/C_color_7_0523.png,h
4420,h/C_color_7_0524.png,h
4421,h/C_color_7_0525.png,h
4422,h/C_color_7_0526.png,h
4423,h/C_color_7_0527.png,h
4424,h/C_color_7_0528.png,h
4425,h/C_color_7_0529.png,h
4426,h/C_color_7_0530.png,h
4427,h/C_color_7_0531.png,h
4428,h/C_color_7_0532.png,h
4429,h/C_color_7_0533.png,h
4430,h/C_color_7_0534.png,h
4431,h/C_color_7_0535.png,h
4432,h/C_color_7_0536.png,h
4433,i/C_color_8_0002.png,i
4434,i/C_color_8_0003.png,i
4435,i/C_color_8_0004.png,i
4436,i/C_color_8_0005.png,i
4437,i/C_color_8_0006.png,i
4438,i/C_color_8_0007.png,i
4439,i/C_color_8_0008.png,i
4440,i/C_color_8_0009.png,i
4441,i/C_color_8_0010.png,i
4442,i/C_color_8_0011.png,i
4443,i/C_color_8_0012.png,i
4444,i/C_color_8_0013.png,i
4445,i/C_color_8_0014.png,i
4446,i/C_color_8_0015.png,i
4447,i/C_color_8_0016.png,i
4448,i/C_color_8_0017.png,i
4449,i/C_color_8_0018.png,i
4450,i/C_color_8_0019.png,i
4451,i/C_color_8_0020.png,i
4452,i/C_color_8_0021.png,i
4453,i/C_color_8_0022.png,i
4454,i/C_color_8_0023.png,i
4455,i/C_color_8_0024.png,i
4456,i/C_color_8_0025.png,i
4457,i/C_color_8_0026.png,i
4458,i/C_color_8_0027.png,i
4459,i/C_color_8_0028.png,i
4460,i/C_color_8_0029.png,i
4461,i/C_color_8_0030.png,i
4462,i/C_color_8_0031.png,i
4463,i/C_color_8_0032.png,i
4464,i/C_color_8_0033.png,i
4465,i/C_color_8_0034.png,i
4466,i/C_color_8_0035.png,i
4467,i/C_color_8_0036.png,i
4468,i/C_color_8_0037.png,i
4469,i/C_color_8_0038.png,i
4470,i/C_color_8_0039.png,i
4471,i/C_color_8_0040.png,i
4472,i/C_color_8_0041.png,i
4473,i/C_color_8_0042.png,i
4474,i/C_color_8_0043.png,i
4475,i/C_color_8_0044.png,i
4476,i/C_color_8_0045.png,i
4477,i/C_color_8_0046.png,i
4478,i/C_color_8_0047.png,i
4479,i/C_color_8_0048.png,i
4480,i/C_color_8_0049.png,i
4481,i/C_color_8_0050.png,i
4482,i/C_color_8_0051.png,i
4483,i/C_color_8_0052.png,i
4484,i/C_color_8_0053.png,i
4485,i/C_color_8_0054.png,i
4486,i/C_color_8_0055.png,i
4487,i/C_color_8_0056.png,i
4488,i/C_color_8_0057.png,i
4489,i/C_color_8_0058.png,i
4490,i/C_color_8_0059.png,i
4491,i/C_color_8_0060.png,i
4492,i/C_color_8_0061.png,i
4493,i/C_color_8_0062.png,i
4494,i/C_color_8_0063.png,i
4495,i/C_color_8_0064.png,i
4496,i/C_color_8_0065.png,i
4497,i/C_color_8_0066.png,i
4498,i/C_color_8_0067.png,i
4499,i/C_color_8_0068.png,i
4500,i/C_color_8_0069.png,i
4501,i/C_color_8_0070.png,i
4502,i/C_color_8_0071.png,i
4503,i/C_color_8_0072.png,i
4504,i/C_color_8_0073.png,i
4505,i/C_color_8_0074.png,i
4506,i/C_color_8_0075.png,i
4507,i/C_color_8_0076.png,i
4508,i/C_color_8_0077.png,i
4509,i/C_color_8_0078.png,i
4510,i/C_color_8_0079.png,i
4511,i/C_color_8_0080.png,i
4512,i/C_color_8_0081.png,i
4513,i/C_color_8_0082.png,i
4514,i/C_color_8_0083.png,i
4515,i/C_color_8_0084.png,i
4516,i/C_color_8_0085.png,i
4517,i/C_color_8_0086.png,i
4518,i/C_color_8_0087.png,i
4519,i/C_color_8_0088.png,i
4520,i/C_color_8_0089.png,i
4521,i/C_color_8_0090.png,i
4522,i/C_color_8_0091.png,i
4523,i/C_color_8_0092.png,i
4524,i/C_color_8_0093.png,i
4525,i/C_color_8_0094.png,i
4526,i/C_color_8_0095.png,i
4527,i/C_color_8_0096.png,i
4528,i/C_color_8_0097.png,i
4529,i/C_color_8_0098.png,i
4530,i/C_color_8_0099.png,i
4531,i/C_color_8_0100.png,i
4532,i/C_color_8_0101.png,i
4533,i/C_color_8_0102.png,i
4534,i/C_color_8_0103.png,i
4535,i/C_color_8_0104.png,i
4536,i/C_color_8_0105.png,i
4537,i/C_color_8_0106.png,i
4538,i/C_color_8_0107.png,i
4539,i/C_color_8_0108.png,i
4540,i/C_color_8_0109.png,i
4541,i/C_color_8_0110.png,i
4542,i/C_color_8_0111.png,i
4543,i/C_color_8_0112.png,i
4544,i/C_color_8_0113.png,i
4545,i/C_color_8_0114.png,i
4546,i/C_color_8_0115.png,i
4547,i/C_color_8_0116.png,i
4548,i/C_color_8_0117.png,i
4549,i/C_color_8_0118.png,i
4550,i/C_color_8_0119.png,i
4551,i/C_color_8_0120.png,i
4552,i/C_color_8_0121.png,i
4553,i/C_color_8_0122.png,i
4554,i/C_color_8_0123.png,i
4555,i/C_color_8_0124.png,i
4556,i/C_color_8_0125.png,i
4557,i/C_color_8_0126.png,i
4558,i/C_color_8_0127.png,i
4559,i/C_color_8_0128.png,i
4560,i/C_color_8_0129.png,i
4561,i/C_color_8_0130.png,i
4562,i/C_color_8_0131.png,i
4563,i/C_color_8_0132.png,i
4564,i/C_color_8_0133.png,i
4565,i/C_color_8_0134.png,i
4566,i/C_color_8_0135.png,i
4567,i/C_color_8_0136.png,i
4568,i/C_color_8_0137.png,i
4569,i/C_color_8_0138.png,i
4570,i/C_color_8_0139.png,i
4571,i/C_color_8_0140.png,i
4572,i/C_color_8_0141.png,i
4573,i/C_color_8_0142.png,i
4574,i/C_color_8_0143.png,i
4575,i/C_color_8_0144.png,i
4576,i/C_color_8_0145.png,i
4577,i/C_color_8_0146.png,i
4578,i/C_color_8_0147.png,i
4579,i/C_color_8_0148.png,i
4580,i/C_color_8_0149.png,i
4581,i/C_color_8_0150.png,i
4582,i/C_color_8_0151.png,i
4583,i/C_color_8_0152.png,i
4584,i/C_color_8_0153.png,i
4585,i/C_color_8_0154.png,i
4586,i/C_color_8_0155.png,i
4587,i/C_color_8_0156.png,i
4588,i/C_color_8_0157.png,i
4589,i/C_color_8_0158.png,i
4590,i/C_color_8_0159.png,i
4591,i/C_color_8_0160.png,i
4592,i/C_color_8_0161.png,i
4593,i/C_color_8_0162.png,i
4594,i/C_color_8_0163.png,i
4595,i/C_color_8_0164.png,i
4596,i/C_color_8_0165.png,i
4597,i/C_color_8_0166.png,i
4598,i/C_color_8_0167.png,i
4599,i/C_color_8_0168.png,i
4600,i/C_color_8_0169.png,i
4601,i/C_color_8_0170.png,i
4602,i/C_color_8_0171.png,i
4603,i/C_color_8_0172.png,i
4604,i/C_color_8_0173.png,i
4605,i/C_color_8_0174.png,i
4606,i/C_color_8_0175.png,i
4607,i/C_color_8_0176.png,i
4608,i/C_color_8_0177.png,i
4609,i/C_color_8_0178.png,i
4610,i/C_color_8_0179.png,i
4611,i/C_color_8_0180.png,i
4612,i/C_color_8_0181.png,i
4613,i/C_color_8_0182.png,i
4614,i/C_color_8_0183.png,i
4615,i/C_color_8_0184.png,i
4616,i/C_color_8_0185.png,i
4617,i/C_color_8_0186.png,i
4618,i/C_color_8_0187.png,i
4619,i/C_color_8_0188.png,i
4620,i/C_color_8_0189.png,i
4621,i/C_color_8_0190.png,i
4622,i/C_color_8_0191.png,i
4623,i/C_color_8_0192.png,i
4624,i/C_color_8_0193.png,i
4625,i/C_color_8_0194.png,i
4626,i/C_color_8_0195.png,i
4627,i/C_color_8_0196.png,i
4628,i/C_color_8_0197.png,i
4629,i/C_color_8_0198.png,i
4630,i/C_color_8_0199.png,i
4631,i/C_color_8_0200.png,i
4632,i/C_color_8_0201.png,i
4633,i/C_color_8_0202.png,i
4634,i/C_color_8_0203.png,i
4635,i/C_color_8_0204.png,i
4636,i/C_color_8_0205.png,i
4637,i/C_color_8_0206.png,i
4638,i/C_color_8_0207.png,i
4639,i/C_color_8_0208.png,i
4640,i/C_color_8_0209.png,i
4641,i/C_color_8_0210.png,i
4642,i/C_color_8_0211.png,i
4643,i/C_color_8_0212.png,i
4644,i/C_color_8_0213.png,i
4645,i/C_color_8_0214.png,i
4646,i/C_color_8_0215.png,i
4647,i/C_color_8_0216.png,i
4648,i/C_color_8_0217.png,i
4649,i/C_color_8_0218.png,i
4650,i/C_color_8_0219.png,i
4651,i/C_color_8_0220.png,i
4652,i/C_color_8_0221.png,i
4653,i/C_color_8_0222.png,i
4654,i/C_color_8_0223.png,i
4655,i/C_color_8_0224.png,i
4656,i/C_color_8_0225.png,i
4657,i/C_color_8_0226.png,i
4658,i/C_color_8_0227.png,i
4659,i/C_color_8_0228.png,i
4660,i/C_color_8_0229.png,i
4661,i/C_color_8_0230.png,i
4662,i/C_color_8_0231.png,i
4663,i/C_color_8_0232.png,i
4664,i/C_color_8_0233.png,i
4665,i/C_color_8_0234.png,i
4666,i/C_color_8_0235.png,i
4667,i/C_color_8_0236.png,i
4668,i/C_color_8_0237.png,i
4669,i/C_color_8_0238.png,i
4670,i/C_color_8_0239.png,i
4671,i/C_color_8_0240.png,i
4672,i/C_color_8_0241.png,i
4673,i/C_color_8_0242.png,i
4674,i/C_color_8_0243.png,i
4675,i/C_color_8_0244.png,i
4676,i/C_color_8_0245.png,i
4677,i/C_color_8_0246.png,i
4678,i/C_color_8_0247.png,i
4679,i/C_color_8_0248.png,i
4680,i/C_color_8_0249.png,i
4681,i/C_color_8_0250.png,i
4682,i/C_color_8_0251.png,i
4683,i/C_color_8_0252.png,i
4684,i/C_color_8_0253.png,i
4685,i/C_color_8_0254.png,i
4686,i/C_color_8_0255.png,i
4687,i/C_color_8_0256.png,i
4688,i/C_color_8_0257.png,i
4689,i/C_color_8_0258.png,i
4690,i/C_color_8_0259.png,i
4691,i/C_color_8_0260.png,i
4692,i/C_color_8_0261.png,i
4693,i/C_color_8_0262.png,i
4694,i/C_color_8_0263.png,i
4695,i/C_color_8_0264.png,i
4696,i/C_color_8_0265.png,i
4697,i/C_color_8_0266.png,i
4698,i/C_color_8_0267.png,i
4699,i/C_color_8_0268.png,i
4700,i/C_color_8_0269.png,i
4701,i/C_color_8_0270.png,i
4702,i/C_color_8_0271.png,i
4703,i/C_color_8_0272.png,i
4704,i/C_color_8_0273.png,i
4705,i/C_color_8_0274.png,i
4706,i/C_color_8_0275.png,i
4707,i/C_color_8_0276.png,i
4708,i/C_color_8_0277.png,i
4709,i/C_color_8_0278.png,i
4710,i/C_color_8_0279.png,i
4711,i/C_color_8_0280.png,i
4712,i/C_color_8_0281.png,i
4713,i/C_color_8_0282.png,i
4714,i/C_color_8_0283.png,i
4715,i/C_color_8_0284.png,i
4716,i/C_color_8_0285.png,i
4717,i/C_color_8_0286.png,i
4718,i/C_color_8_0287.png,i
4719,i/C_color_8_0288.png,i
4720,i/C_color_8_0289.png,i
4721,i/C_color_8_0290.png,i
4722,i/C_color_8_0291.png,i
4723,i/C_color_8_0292.png,i
4724,i/C_color_8_0293.png,i
4725,i/C_color_8_0294.png,i
4726,i/C_color_8_0295.png,i
4727,i/C_color_8_0296.png,i
4728,i/C_color_8_0297.png,i
4729,i/C_color_8_0298.png,i
4730,i/C_color_8_0299.png,i
4731,i/C_color_8_0300.png,i
4732,i/C_color_8_0301.png,i
4733,i/C_color_8_0302.png,i
4734,i/C_color_8_0303.png,i
4735,i/C_color_8_0304.png,i
4736,i/C_color_8_0305.png,i
4737,i/C_color_8_0306.png,i
4738,i/C_color_8_0307.png,i
4739,i/C_color_8_0308.png,i
4740,i/C_color_8_0309.png,i
4741,i/C_color_8_0310.png,i
4742,i/C_color_8_0311.png,i
4743,i/C_color_8_0312.png,i
4744,i/C_color_8_0313.png,i
4745,i/C_color_8_0314.png,i
4746,i/C_color_8_0315.png,i
4747,i/C_color_8_0316.png,i
4748,i/C_color_8_0317.png,i
4749,i/C_color_8_0318.png,i
4750,i/C_color_8_0319.png,i
4751,i/C_color_8_0320.png,i
4752,i/C_color_8_0321.png,i
4753,i/C_color_8_0322.png,i
4754,i/C_color_8_0323.png,i
4755,i/C_color_8_0324.png,i
4756,i/C_color_8_0325.png,i
4757,i/C_color_8_0326.png,i
4758,i/C_color_8_0327.png,i
4759,i/C_color_8_0328.png,i
4760,i/C_color_8_0329.png,i
4761,i/C_color_8_0330.png,i
4762,i/C_color_8_0331.png,i
4763,i/C_color_8_0332.png,i
4764,i/C_color_8_0333.png,i
4765,i/C_color_8_0334.png,i
4766,i/C_color_8_0335.png,i
4767,i/C_color_8_0336.png,i
4768,i/C_color_8_0337.png,i
4769,i/C_color_8_0338.png,i
4770,i/C_color_8_0339.png,i
4771,i/C_color_8_0340.png,i
4772,i/C_color_8_0341.png,i
4773,i/C_color_8_0342.png,i
4774,i/C_color_8_0343.png,i
4775,i/C_color_8_0344.png,i
4776,i/C_color_8_0345.png,i
4777,i/C_color_8_0346.png,i
4778,i/C_color_8_0347.png,i
4779,i/C_color_8_0348.png,i
4780,i/C_color_8_0349.png,i
4781,i/C_color_8_0350.png,i
4782,i/C_color_8_0351.png,i
4783,i/C_color_8_0352.png,i
4784,i/C_color_8_0353.png,i
4785,i/C_color_8_0354.png,i
4786,i/C_color_8_0355.png,i
4787,i/C_color_8_0356.png,i
4788,i/C_color_8_0357.png,i
4789,i/C_color_8_0358.png,i
4790,i/C_color_8_0359.png,i
4791,i/C_color_8_0360.png,i
4792,i/C_color_8_0361.png,i
4793,i/C_color_8_0362.png,i
4794,i/C_color_8_0363.png,i
4795,i/C_color_8_0364.png,i
4796,i/C_color_8_0365.png,i
4797,i/C_color_8_0366.png,i
4798,i/C_color_8_0367.png,i
4799,i/C_color_8_0368.png,i
4800,i/C_color_8_0369.png,i
4801,i/C_color_8_0370.png,i
4802,i/C_color_8_0371.png,i
4803,i/C_color_8_0372.png,i
4804,i/C_color_8_0373.png,i
4805,i/C_color_8_0374.png,i
4806,i/C_color_8_0375.png,i
4807,i/C_color_8_0376.png,i
4808,i/C_color_8_0377.png,i
4809,i/C_color_8_0378.png,i
4810,i/C_color_8_0379.png,i
4811,i/C_color_8_0380.png,i
4812,i/C_color_8_0381.png,i
4813,i/C_color_8_0382.png,i
4814,i/C_color_8_0383.png,i
4815,i/C_color_8_0384.png,i
4816,i/C_color_8_0385.png,i
4817,i/C_color_8_0386.png,i
4818,i/C_color_8_0387.png,i
4819,i/C_color_8_0388.png,i
4820,i/C_color_8_0389.png,i
4821,i/C_color_8_0390.png,i
4822,i/C_color_8_0391.png,i
4823,i/C_color_8_0392.png,i
4824,i/C_color_8_0393.png,i
4825,i/C_color_8_0394.png,i
4826,i/C_color_8_0395.png,i
4827,i/C_color_8_0396.png,i
4828,i/C_color_8_0397.png,i
4829,i/C_color_8_0398.png,i
4830,i/C_color_8_0399.png,i
4831,i/C_color_8_0400.png,i
4832,i/C_color_8_0401.png,i
4833,i/C_color_8_0402.png,i
4834,i/C_color_8_0403.png,i
4835,i/C_color_8_0404.png,i
4836,i/C_color_8_0405.png,i
4837,i/C_color_8_0406.png,i
4838,i/C_color_8_0407.png,i
4839,i/C_color_8_0408.png,i
4840,i/C_color_8_0409.png,i
4841,i/C_color_8_0410.png,i
4842,i/C_color_8_0411.png,i
4843,i/C_color_8_0412.png,i
4844,i/C_color_8_0413.png,i
4845,i/C_color_8_0414.png,i
4846,i/C_color_8_0415.png,i
4847,i/C_color_8_0416.png,i
4848,i/C_color_8_0417.png,i
4849,i/C_color_8_0418.png,i
4850,i/C_color_8_0419.png,i
4851,i/C_color_8_0420.png,i
4852,i/C_color_8_0421.png,i
4853,i/C_color_8_0422.png,i
4854,i/C_color_8_0423.png,i
4855,i/C_color_8_0424.png,i
4856,i/C_color_8_0425.png,i
4857,i/C_color_8_0426.png,i
4858,i/C_color_8_0427.png,i
4859,i/C_color_8_0428.png,i
4860,i/C_color_8_0429.png,i
4861,i/C_color_8_0430.png,i
4862,i/C_color_8_0431.png,i
4863,i/C_color_8_0432.png,i
4864,i/C_color_8_0433.png,i
4865,i/C_color_8_0434.png,i
4866,i/C_color_8_0435.png,i
4867,i/C_color_8_0436.png,i
4868,i/C_color_8_0437.png,i
4869,i/C_color_8_0438.png,i
4870,i/C_color_8_0439.png,i
4871,i/C_color_8_0440.png,i
4872,i/C_color_8_0441.png,i
4873,i/C_color_8_0442.png,i
4874,i/C_color_8_0443.png,i
4875,i/C_color_8_0444.png,i
4876,i/C_color_8_0445.png,i
4877,i/C_color_8_0446.png,i
4878,i/C_color_8_0447.png,i
4879,i/C_color_8_0448.png,i
4880,i/C_color_8_0449.png,i
4881,i/C_color_8_0450.png,i
4882,i/C_color_8_0451.png,i
4883,i/C_color_8_0452.png,i
4884,i/C_color_8_0453.png,i
4885,i/C_color_8_0454.png,i
4886,i/C_color_8_0455.png,i
4887,i/C_color_8_0456.png,i
4888,i/C_color_8_0457.png,i
4889,i/C_color_8_0458.png,i
4890,i/C_color_8_0459.png,i
4891,i/C_color_8_0460.png,i
4892,i/C_color_8_0461.png,i
4893,i/C_color_8_0462.png,i
4894,i/C_color_8_0463.png,i
4895,i/C_color_8_0464.png,i
4896,i/C_color_8_0465.png,i
4897,i/C_color_8_0466.png,i
4898,i/C_color_8_0467.png,i
4899,i/C_color_8_0468.png,i
4900,i/C_color_8_0469.png,i
4901,i/C_color_8_0470.png,i
4902,i/C_color_8_0471.png,i
4903,i/C_color_8_0472.png,i
4904,i/C_color_8_0473.png,i
4905,i/C_color_8_0474.png,i
4906,i/C_color_8_0475.png,i
4907,i/C_color_8_0476.png,i
4908,i/C_color_8_0477.png,i
4909,i/C_color_8_0478.png,i
4910,i/C_color_8_0479.png,i
4911,i/C_color_8_0480.png,i
4912,i/C_color_8_0481.png,i
4913,i/C_color_8_0482.png,i
4914,i/C_color_8_0483.png,i
4915,i/C_color_8_0484.png,i
4916,i/C_color_8_0485.png,i
4917,i/C_color_8_0486.png,i
4918,i/C_color_8_0487.png,i
4919,i/C_color_8_0488.png,i
4920,i/C_color_8_0489.png,i
4921,i/C_color_8_0490.png,i
4922,i/C_color_8_0491.png,i
4923,i/C_color_8_0492.png,i
4924,i/C_color_8_0493.png,i
4925,i/C_color_8_0494.png,i
4926,i/C_color_8_0495.png,i
4927,i/C_color_8_0496.png,i
4928,i/C_color_8_0497.png,i
4929,i/C_color_8_0498.png,i
4930,i/C_color_8_0499.png,i
4931,i/C_color_8_0500.png,i
4932,i/C_color_8_0501.png,i
4933,i/C_color_8_0502.png,i
4934,i/C_color_8_0503.png,i
4935,i/C_color_8_0504.png,i
4936,i/C_color_8_0505.png,i
4937,i/C_color_8_0506.png,i
4938,i/C_color_8_0507.png,i
4939,i/C_color_8_0508.png,i
4940,i/C_color_8_0509.png,i
4941,i/C_color_8_0510.png,i
4942,i/C_color_8_0511.png,i
4943,i/C_color_8_0512.png,i
4944,i/C_color_8_0513.png,i
4945,i/C_color_8_0514.png,i
4946,i/C_color_8_0515.png,i
4947,i/C_color_8_0516.png,i
4948,i/C_color_8_0517.png,i
4949,i/C_color_8_0518.png,i
4950,i/C_color_8_0519.png,i
4951,i/C_color_8_0520.png,i
4952,i/C_color_8_0521.png,i
4953,i/C_color_8_0522.png,i
4954,i/C_color_8_0523.png,i
4955,i/C_color_8_0524.png,i
4956,i/C_color_8_0525.png,i
4957,i/C_color_8_0526.png,i
4958,i/C_color_8_0527.png,i
4959,i/C_color_8_0528.png,i
4960,i/C_color_8_0529.png,i
4961,i/C_color_8_0530.png,i
4962,k/C_color_10_0002.png,k
4963,k/C_color_10_0003.png,k
4964,k/C_color_10_0004.png,k
4965,k/C_color_10_0005.png,k
4966,k/C_color_10_0006.png,k
4967,k/C_color_10_0007.png,k
4968,k/C_color_10_0008.png,k
4969,k/C_color_10_0009.png,k
4970,k/C_color_10_0010.png,k
4971,k/C_color_10_0011.png,k
4972,k/C_color_10_0012.png,k
4973,k/C_color_10_0013.png,k
4974,k/C_color_10_0014.png,k
4975,k/C_color_10_0015.png,k
4976,k/C_color_10_0016.png,k
4977,k/C_color_10_0017.png,k
4978,k/C_color_10_0018.png,k
4979,k/C_color_10_0019.png,k
4980,k/C_color_10_0020.png,k
4981,k/C_color_10_0021.png,k
4982,k/C_color_10_0022.png,k
4983,k/C_color_10_0023.png,k
4984,k/C_color_10_0024.png,k
4985,k/C_color_10_0025.png,k
4986,k/C_color_10_0026.png,k
4987,k/C_color_10_0027.png,k
4988,k/C_color_10_0028.png,k
4989,k/C_color_10_0029.png,k
4990,k/C_color_10_0030.png,k
4991,k/C_color_10_0031.png,k
4992,k/C_color_10_0032.png,k
4993,k/C_color_10_0033.png,k
4994,k/C_color_10_0034.png,k
4995,k/C_color_10_0035.png,k
4996,k/C_color_10_0036.png,k
4997,k/C_color_10_0037.png,k
4998,k/C_color_10_0038.png,k
4999,k/C_color_10_0039.png,k
5000,k/C_color_10_0040.png,k
5001,k/C_color_10_0041.png,k
5002,k/C_color_10_0042.png,k
5003,k/C_color_10_0043.png,k
5004,k/C_color_10_0044.png,k
5005,k/C_color_10_0045.png,k
5006,k/C_color_10_0046.png,k
5007,k/C_color_10_0047.png,k
5008,k/C_color_10_0048.png,k
5009,k/C_color_10_0049.png,k
5010,k/C_color_10_0050.png,k
5011,k/C_color_10_0051.png,k
5012,k/C_color_10_0052.png,k
5013,k/C_color_10_0053.png,k
5014,k/C_color_10_0054.png,k
5015,k/C_color_10_0055.png,k
5016,k/C_color_10_0056.png,k
5017,k/C_color_10_0057.png,k
5018,k/C_color_10_0058.png,k
5019,k/C_color_10_0059.png,k
5020,k/C_color_10_0060.png,k
5021,k/C_color_10_0061.png,k
5022,k/C_color_10_0062.png,k
5023,k/C_color_10_0063.png,k
5024,k/C_color_10_0064.png,k
5025,k/C_color_10_0065.png,k
5026,k/C_color_10_0066.png,k
5027,k/C_color_10_0067.png,k
5028,k/C_color_10_0068.png,k
5029,k/C_color_10_0069.png,x
5030,k/C_color_10_0070.png,k
5031,k/C_color_10_0071.png,x
5032,k/C_color_10_0072.png,x
5033,k/C_color_10_0073.png,x
5034,k/C_color_10_0074.png,x
5035,k/C_color_10_0075.png,x
5036,k/C_color_10_0076.png,x
5037,k/C_color_10_0077.png,x
5038,k/C_color_10_0078.png,x
5039,k/C_color_10_0079.png,x
5040,k/C_color_10_0080.png,x
5041,k/C_color_10_0081.png,x
5042,k/C_color_10_0082.png,x
5043,k/C_color_10_0083.png,k
5044,k/C_color_10_0084.png,k
5045,k/C_color_10_0085.png,x
5046,k/C_color_10_0086.png,r
5047,k/C_color_10_0087.png,x
5048,k/C_color_10_0088.png,x
5049,k/C_color_10_0089.png,x
5050,k/C_color_10_0090.png,x
5051,k/C_color_10_0091.png,k
5052,k/C_color_10_0092.png,k
5053,k/C_color_10_0093.png,x
5054,k/C_color_10_0094.png,x
5055,k/C_color_10_0095.png,k
5056,k/C_color_10_0096.png,k
5057,k/C_color_10_0097.png,k
5058,k/C_color_10_0098.png,k
5059,k/C_color_10_0099.png,k
5060,k/C_color_10_0100.png,k
5061,k/C_color_10_0101.png,k
5062,k/C_color_10_0102.png,k
5063,k/C_color_10_0103.png,k
5064,k/C_color_10_0104.png,k
5065,k/C_color_10_0105.png,k
5066,k/C_color_10_0106.png,k
5067,k/C_color_10_0107.png,k
5068,k/C_color_10_0108.png,k
5069,k/C_color_10_0109.png,k
5070,k/C_color_10_0110.png,k
5071,k/C_color_10_0111.png,k
5072,k/C_color_10_0112.png,k
5073,k/C_color_10_0113.png,r
5074,k/C_color_10_0114.png,r
5075,k/C_color_10_0115.png,k
5076,k/C_color_10_0116.png,r
5077,k/C_color_10_0117.png,r
5078,k/C_color_10_0118.png,r
5079,k/C_color_10_0119.png,r
5080,k/C_color_10_0120.png,r
5081,k/C_color_10_0121.png,r
5082,k/C_color_10_0122.png,r
5083,k/C_color_10_0123.png,r
5084,k/C_color_10_0124.png,k
5085,k/C_color_10_0125.png,r
5086,k/C_color_10_0126.png,r
5087,k/C_color_10_0127.png,k
5088,k/C_color_10_0128.png,k
5089,k/C_color_10_0129.png,r
5090,k/C_color_10_0130.png,r
5091,k/C_color_10_0131.png,k
5092,k/C_color_10_0132.png,r
5093,k/C_color_10_0133.png,k
5094,k/C_color_10_0134.png,k
5095,k/C_color_10_0135.png,k
5096,k/C_color_10_0136.png,k
5097,k/C_color_10_0137.png,k
5098,k/C_color_10_0138.png,k
5099,k/C_color_10_0139.png,k
5100,k/C_color_10_0140.png,k
5101,k/C_color_10_0141.png,k
5102,k/C_color_10_0142.png,k
5103,k/C_color_10_0143.png,k
5104,k/C_color_10_0144.png,k
5105,k/C_color_10_0145.png,k
5106,k/C_color_10_0146.png,k
5107,k/C_color_10_0147.png,k
5108,k/C_color_10_0148.png,k
5109,k/C_color_10_0149.png,k
5110,k/C_color_10_0150.png,k
5111,k/C_color_10_0151.png,k
5112,k/C_color_10_0152.png,k
5113,k/C_color_10_0153.png,k
5114,k/C_color_10_0154.png,k
5115,k/C_color_10_0155.png,k
5116,k/C_color_10_0156.png,k
5117,k/C_color_10_0157.png,k
5118,k/C_color_10_0158.png,k
5119,k/C_color_10_0159.png,k
5120,k/C_color_10_0160.png,k
5121,k/C_color_10_0161.png,k
5122,k/C_color_10_0162.png,k
5123,k/C_color_10_0163.png,k
5124,k/C_color_10_0164.png,k
5125,k/C_color_10_0165.png,k
5126,k/C_color_10_0166.png,k
5127,k/C_color_10_0167.png,k
5128,k/C_color_10_0168.png,k
5129,k/C_color_10_0169.png,k
5130,k/C_color_10_0170.png,k
5131,k/C_color_10_0171.png,k
5132,k/C_color_10_0172.png,r
5133,k/C_color_10_0173.png,k
5134,k/C_color_10_0174.png,k
5135,k/C_color_10_0175.png,r
5136,k/C_color_10_0176.png,r
5137,k/C_color_10_0177.png,k
5138,k/C_color_10_0178.png,k
5139,k/C_color_10_0179.png,k
5140,k/C_color_10_0180.png,k
5141,k/C_color_10_0181.png,k
5142,k/C_color_10_0182.png,k
5143,k/C_color_10_0183.png,k
5144,k/C_color_10_0184.png,k
5145,k/C_color_10_0185.png,k
5146,k/C_color_10_0186.png,k
5147,k/C_color_10_0187.png,k
5148,k/C_color_10_0188.png,k
5149,k/C_color_10_0189.png,k
5150,k/C_color_10_0190.png,k
5151,k/C_color_10_0191.png,k
5152,k/C_color_10_0192.png,k
5153,k/C_color_10_0193.png,k
5154,k/C_color_10_0194.png,k
5155,k/C_color_10_0195.png,k
5156,k/C_color_10_0196.png,k
5157,k/C_color_10_0197.png,k
5158,k/C_color_10_0198.png,k
5159,k/C_color_10_0199.png,k
5160,k/C_color_10_0200.png,k
5161,k/C_color_10_0201.png,k
5162,k/C_color_10_0202.png,k
5163,k/C_color_10_0203.png,k
5164,k/C_color_10_0204.png,k
5165,k/C_color_10_0205.png,k
5166,k/C_color_10_0206.png,k
5167,k/C_color_10_0207.png,r
5168,k/C_color_10_0208.png,r
5169,k/C_color_10_0209.png,r
5170,k/C_color_10_0210.png,r
5171,k/C_color_10_0211.png,r
5172,k/C_color_10_0212.png,l
5173,k/C_color_10_0213.png,r
5174,k/C_color_10_0214.png,k
5175,k/C_color_10_0215.png,k
5176,k/C_color_10_0216.png,k
5177,k/C_color_10_0217.png,k
5178,k/C_color_10_0218.png,k
5179,k/C_color_10_0219.png,k
5180,k/C_color_10_0220.png,r
5181,k/C_color_10_0221.png,k
5182,k/C_color_10_0222.png,k
5183,k/C_color_10_0223.png,k
5184,k/C_color_10_0224.png,k
5185,k/C_color_10_0225.png,k
5186,k/C_color_10_0226.png,k
5187,k/C_color_10_0227.png,k
5188,k/C_color_10_0228.png,k
5189,k/C_color_10_0229.png,k
5190,k/C_color_10_0230.png,k
5191,k/C_color_10_0231.png,k
5192,k/C_color_10_0232.png,k
5193,k/C_color_10_0233.png,k
5194,k/C_color_10_0234.png,k
5195,k/C_color_10_0235.png,k
5196,k/C_color_10_0236.png,k
5197,k/C_color_10_0237.png,k
5198,k/C_color_10_0238.png,k
5199,k/C_color_10_0239.png,r
5200,k/C_color_10_0240.png,r
5201,k/C_color_10_0241.png,k
5202,k/C_color_10_0242.png,k
5203,k/C_color_10_0243.png,k
5204,k/C_color_10_0244.png,k
5205,k/C_color_10_0245.png,k
5206,k/C_color_10_0246.png,k
5207,k/C_color_10_0247.png,k
5208,k/C_color_10_0248.png,k
5209,k/C_color_10_0249.png,k
5210,k/C_color_10_0250.png,k
5211,k/C_color_10_0251.png,k
5212,k/C_color_10_0252.png,k
5213,k/C_color_10_0253.png,k
5214,k/C_color_10_0254.png,k
5215,k/C_color_10_0255.png,k
5216,k/C_color_10_0256.png,k
5217,k/C_color_10_0257.png,k
5218,k/C_color_10_0258.png,k
5219,k/C_color_10_0259.png,k
5220,k/C_color_10_0260.png,r
5221,k/C_color_10_0261.png,r
5222,k/C_color_10_0262.png,r
5223,k/C_color_10_0263.png,r
5224,k/C_color_10_0264.png,r
5225,k/C_color_10_0265.png,k
5226,k/C_color_10_0266.png,k
5227,k/C_color_10_0267.png,k
5228,k/C_color_10_0268.png,k
5229,k/C_color_10_0269.png,k
5230,k/C_color_10_0270.png,k
5231,k/C_color_10_0271.png,k
5232,k/C_color_10_0272.png,k
5233,k/C_color_10_0273.png,k
5234,k/C_color_10_0274.png,k
5235,k/C_color_10_0275.png,k
5236,k/C_color_10_0276.png,k
5237,k/C_color_10_0277.png,k
5238,k/C_color_10_0278.png,k
5239,k/C_color_10_0279.png,k
5240,k/C_color_10_0280.png,k
5241,k/C_color_10_0281.png,k
5242,k/C_color_10_0282.png,k
5243,k/C_color_10_0283.png,k
5244,k/C_color_10_0284.png,k
5245,k/C_color_10_0285.png,k
5246,k/C_color_10_0286.png,k
5247,k/C_color_10_0287.png,k
5248,k/C_color_10_0288.png,k
5249,k/C_color_10_0289.png,k
5250,k/C_color_10_0290.png,k
5251,k/C_color_10_0291.png,k
5252,k/C_color_10_0292.png,k
5253,k/C_color_10_0293.png,k
5254,k/C_color_10_0294.png,k
5255,k/C_color_10_0295.png,x
5256,k/C_color_10_0296.png,p
5257,k/C_color_10_0297.png,p
5258,k/C_color_10_0298.png,p
5259,k/C_color_10_0299.png,p
5260,k/C_color_10_0300.png,p
5261,k/C_color_10_0301.png,k
5262,k/C_color_10_0302.png,k
5263,k/C_color_10_0303.png,k
5264,k/C_color_10_0304.png,k
5265,k/C_color_10_0305.png,k
5266,k/C_color_10_0306.png,k
5267,k/C_color_10_0307.png,k
5268,k/C_color_10_0308.png,k
5269,k/C_color_10_0309.png,k
5270,k/C_color_10_0310.png,k
5271,k/C_color_10_0311.png,l
5272,k/C_color_10_0312.png,k
5273,k/C_color_10_0313.png,k
5274,k/C_color_10_0314.png,r
5275,k/C_color_10_0315.png,r
5276,k/C_color_10_0316.png,k
5277,k/C_color_10_0317.png,k
5278,k/C_color_10_0318.png,k
5279,k/C_color_10_0319.png,k
5280,k/C_color_10_0320.png,k
5281,k/C_color_10_0321.png,k
5282,k/C_color_10_0322.png,k
5283,k/C_color_10_0323.png,k
5284,k/C_color_10_0324.png,r
5285,k/C_color_10_0325.png,k
5286,k/C_color_10_0326.png,k
5287,k/C_color_10_0327.png,x
5288,k/C_color_10_0328.png,k
5289,k/C_color_10_0329.png,k
5290,k/C_color_10_0330.png,k
5291,k/C_color_10_0331.png,k
5292,k/C_color_10_0332.png,k
5293,k/C_color_10_0333.png,k
5294,k/C_color_10_0334.png,k
5295,k/C_color_10_0335.png,k
5296,k/C_color_10_0336.png,k
5297,k/C_color_10_0337.png,k
5298,k/C_color_10_0338.png,k
5299,k/C_color_10_0339.png,k
5300,k/C_color_10_0340.png,k
5301,k/C_color_10_0341.png,k
5302,k/C_color_10_0342.png,k
5303,k/C_color_10_0343.png,k
5304,k/C_color_10_0344.png,k
5305,k/C_color_10_0345.png,k
5306,k/C_color_10_0346.png,k
5307,k/C_color_10_0347.png,k
5308,k/C_color_10_0348.png,k
5309,k/C_color_10_0349.png,r
5310,k/C_color_10_0350.png,r
5311,k/C_color_10_0351.png,k
5312,k/C_color_10_0352.png,r
5313,k/C_color_10_0353.png,k
5314,k/C_color_10_0354.png,k
5315,k/C_color_10_0355.png,k
5316,k/C_color_10_0356.png,k
5317,k/C_color_10_0357.png,k
5318,k/C_color_10_0358.png,p
5319,k/C_color_10_0359.png,p
5320,k/C_color_10_0360.png,p
5321,k/C_color_10_0361.png,p
5322,k/C_color_10_0362.png,p
5323,k/C_color_10_0363.png,p
5324,k/C_color_10_0364.png,p
5325,k/C_color_10_0365.png,p
5326,k/C_color_10_0366.png,p
5327,k/C_color_10_0367.png,p
5328,k/C_color_10_0368.png,p
5329,k/C_color_10_0369.png,p
5330,k/C_color_10_0370.png,p
5331,k/C_color_10_0371.png,p
5332,k/C_color_10_0372.png,k
5333,k/C_color_10_0373.png,k
5334,k/C_color_10_0374.png,k
5335,k/C_color_10_0375.png,k
5336,k/C_color_10_0376.png,k
5337,k/C_color_10_0377.png,k
5338,k/C_color_10_0378.png,k
5339,k/C_color_10_0379.png,k
5340,k/C_color_10_0380.png,k
5341,k/C_color_10_0381.png,k
5342,k/C_color_10_0382.png,k
5343,k/C_color_10_0383.png,k
5344,k/C_color_10_0384.png,k
5345,k/C_color_10_0385.png,k
5346,k/C_color_10_0386.png,k
5347,k/C_color_10_0387.png,k
5348,k/C_color_10_0388.png,k
5349,k/C_color_10_0389.png,k
5350,k/C_color_10_0390.png,k
5351,k/C_color_10_0391.png,k
5352,k/C_color_10_0392.png,k
5353,k/C_color_10_0393.png,k
5354,k/C_color_10_0394.png,p
5355,k/C_color_10_0395.png,p
5356,k/C_color_10_0396.png,p
5357,k/C_color_10_0397.png,p
5358,k/C_color_10_0398.png,p
5359,k/C_color_10_0399.png,p
5360,k/C_color_10_0400.png,p
5361,k/C_color_10_0401.png,p
5362,k/C_color_10_0402.png,p
5363,k/C_color_10_0403.png,p
5364,k/C_color_10_0404.png,p
5365,k/C_color_10_0405.png,p
5366,k/C_color_10_0406.png,p
5367,k/C_color_10_0407.png,k
5368,k/C_color_10_0408.png,k
5369,k/C_color_10_0409.png,k
5370,k/C_color_10_0410.png,k
5371,k/C_color_10_0411.png,k
5372,k/C_color_10_0412.png,k
5373,k/C_color_10_0413.png,k
5374,k/C_color_10_0414.png,k
5375,k/C_color_10_0415.png,k
5376,k/C_color_10_0416.png,k
5377,k/C_color_10_0417.png,k
5378,k/C_color_10_0418.png,k
5379,k/C_color_10_0419.png,k
5380,k/C_color_10_0420.png,k
5381,k/C_color_10_0421.png,k
5382,k/C_color_10_0422.png,k
5383,k/C_color_10_0423.png,k
5384,k/C_color_10_0424.png,k
5385,k/C_color_10_0425.png,k
5386,k/C_color_10_0426.png,k
5387,k/C_color_10_0427.png,k
5388,k/C_color_10_0428.png,k
5389,k/C_color_10_0429.png,k
5390,k/C_color_10_0430.png,k
5391,k/C_color_10_0431.png,k
5392,k/C_color_10_0432.png,k
5393,k/C_color_10_0433.png,k
5394,k/C_color_10_0434.png,k
5395,k/C_color_10_0435.png,k
5396,k/C_color_10_0436.png,k
5397,k/C_color_10_0437.png,k
5398,k/C_color_10_0438.png,p
5399,k/C_color_10_0439.png,p
5400,k/C_color_10_0440.png,p
5401,k/C_color_10_0441.png,p
5402,k/C_color_10_0442.png,p
5403,k/C_color_10_0443.png,k
5404,k/C_color_10_0444.png,k
5405,k/C_color_10_0445.png,k
5406,k/C_color_10_0446.png,k
5407,k/C_color_10_0447.png,k
5408,k/C_color_10_0448.png,k
5409,k/C_color_10_0449.png,k
5410,k/C_color_10_0450.png,k
5411,k/C_color_10_0451.png,k
5412,k/C_color_10_0452.png,k
5413,k/C_color_10_0453.png,k
5414,k/C_color_10_0454.png,k
5415,k/C_color_10_0455.png,k
5416,k/C_color_10_0456.png,k
5417,k/C_color_10_0457.png,k
5418,k/C_color_10_0458.png,r
5419,k/C_color_10_0459.png,k
5420,k/C_color_10_0460.png,r
5421,k/C_color_10_0461.png,k
5422,k/C_color_10_0462.png,k
5423,k/C_color_10_0463.png,r
5424,k/C_color_10_0464.png,k
5425,k/C_color_10_0465.png,r
5426,k/C_color_10_0466.png,k
5427,k/C_color_10_0467.png,r
5428,k/C_color_10_0468.png,k
5429,k/C_color_10_0469.png,r
5430,k/C_color_10_0470.png,k
5431,k/C_color_10_0471.png,k
5432,k/C_color_10_0472.png,k
5433,k/C_color_10_0473.png,k
5434,k/C_color_10_0474.png,k
5435,k/C_color_10_0475.png,k
5436,k/C_color_10_0476.png,k
5437,k/C_color_10_0477.png,k
5438,k/C_color_10_0478.png,k
5439,k/C_color_10_0479.png,k
5440,k/C_color_10_0480.png,k
5441,k/C_color_10_0481.png,k
5442,k/C_color_10_0482.png,k
5443,k/C_color_10_0483.png,k
5444,k/C_color_10_0484.png,k
5445,k/C_color_10_0485.png,k
5446,k/C_color_10_0486.png,k
5447,k/C_color_10_0487.png,k
5448,k/C_color_10_0488.png,k
5449,k/C_color_10_0489.png,k
5450,k/C_color_10_0490.png,k
5451,k/C_color_10_0491.png,k
5452,k/C_color_10_0492.png,k
5453,k/C_color_10_0493.png,k
5454,k/C_color_10_0494.png,x
5455,k/C_color_10_0495.png,l
5456,k/C_color_10_0496.png,l
5457,k/C_color_10_0497.png,p
5458,k/C_color_10_0498.png,p
5459,k/C_color_10_0499.png,p
5460,k/C_color_10_0500.png,p
5461,k/C_color_10_0501.png,p
5462,k/C_color_10_0502.png,k
5463,k/C_color_10_0503.png,k
5464,k/C_color_10_0504.png,k
5465,k/C_color_10_0505.png,k
5466,k/C_color_10_0506.png,k
5467,k/C_color_10_0507.png,k
5468,k/C_color_10_0508.png,k
5469,k/C_color_10_0509.png,k
5470,k/C_color_10_0510.png,k
5471,k/C_color_10_0511.png,k
5472,k/C_color_10_0512.png,k
5473,k/C_color_10_0513.png,k
5474,k/C_color_10_0514.png,k
5475,k/C_color_10_0515.png,k
5476,k/C_color_10_0516.png,k
5477,k/C_color_10_0517.png,k
5478,k/C_color_10_0518.png,k
5479,k/C_color_10_0519.png,k
5480,k/C_color_10_0520.png,k
5481,k/C_color_10_0521.png,k
5482,k/C_color_10_0522.png,p
5483,k/C_color_10_0523.png,p
5484,k/C_color_10_0524.png,p
5485,k/C_color_10_0525.png,p
5486,k/C_color_10_0526.png,p
5487,k/C_color_10_0527.png,p
5488,k/C_color_10_0528.png,p
5489,k/C_color_10_0529.png,k
5490,k/C_color_10_0530.png,k
5491,k/C_color_10_0531.png,k
5492,k/C_color_10_0532.png,k
5493,k/C_color_10_0533.png,k
5494,k/C_color_10_0534.png,k
5495,k/C_color_10_0535.png,k
5496,k/C_color_10_0536.png,k
5497,k/C_color_10_0537.png,k
5498,k/C_color_10_0538.png,k
5499,k/C_color_10_0539.png,k
5500,l/C_color_11_0002.png,l
5501,l/C_color_11_0003.png,l
5502,l/C_color_11_0004.png,l
5503,l/C_color_11_0005.png,l
5504,l/C_color_11_0006.png,l
5505,l/C_color_11_0007.png,l
5506,l/C_color_11_0008.png,l
5507,l/C_color_11_0009.png,l
5508,l/C_color_11_0010.png,l
5509,l/C_color_11_0011.png,l
5510,l/C_color_11_0012.png,l
5511,l/C_color_11_0013.png,l
5512,l/C_color_11_0014.png,l
5513,l/C_color_11_0015.png,l
5514,l/C_color_11_0016.png,l
5515,l/C_color_11_0017.png,l
5516,l/C_color_11_0018.png,l
5517,l/C_color_11_0019.png,l
5518,l/C_color_11_0020.png,l
5519,l/C_color_11_0021.png,l
5520,l/C_color_11_0022.png,l
5521,l/C_color_11_0023.png,l
5522,l/C_color_11_0024.png,l
5523,l/C_color_11_0025.png,l
5524,l/C_color_11_0026.png,l
5525,l/C_color_11_0027.png,l
5526,l/C_color_11_0028.png,l
5527,l/C_color_11_0029.png,l
5528,l/C_color_11_0030.png,l
5529,l/C_color_11_0031.png,l
5530,l/C_color_11_0032.png,l
5531,l/C_color_11_0033.png,l
5532,l/C_color_11_0034.png,l
5533,l/C_color_11_0035.png,l
5534,l/C_color_11_0036.png,l
5535,l/C_color_11_0037.png,l
5536,l/C_color_11_0038.png,l
5537,l/C_color_11_0039.png,l
5538,l/C_color_11_0040.png,l
5539,l/C_color_11_0041.png,l
5540,l/C_color_11_0042.png,l
5541,l/C_color_11_0043.png,l
5542,l/C_color_11_0044.png,l
5543,l/C_color_11_0045.png,l
5544,l/C_color_11_0046.png,l
5545,l/C_color_11_0047.png,l
5546,l/C_color_11_0048.png,l
5547,l/C_color_11_0049.png,l
5548,l/C_color_11_0050.png,l
5549,l/C_color_11_0051.png,l
5550,l/C_color_11_0052.png,l
5551,l/C_color_11_0053.png,l
5552,l/C_color_11_0054.png,l
5553,l/C_color_11_0055.png,l
5554,l/C_color_11_0056.png,l
5555,l/C_color_11_0057.png,l
5556,l/C_color_11_0058.png,l
5557,l/C_color_11_0059.png,l
5558,l/C_color_11_0060.png,l
5559,l/C_color_11_0061.png,l
5560,l/C_color_11_0062.png,l
5561,l/C_color_11_0063.png,l
5562,l/C_color_11_0064.png,l
5563,l/C_color_11_0065.png,l
5564,l/C_color_11_0066.png,l
5565,l/C_color_11_0067.png,l
5566,l/C_color_11_0068.png,l
5567,l/C_color_11_0069.png,l
5568,l/C_color_11_0070.png,l
5569,l/C_color_11_0071.png,l
5570,l/C_color_11_0072.png,l
5571,l/C_color_11_0073.png,l
5572,l/C_color_11_0074.png,l
5573,l/C_color_11_0075.png,l
5574,l/C_color_11_0076.png,l
5575,l/C_color_11_0077.png,l
5576,l/C_color_11_0078.png,l
5577,l/C_color_11_0079.png,l
5578,l/C_color_11_0080.png,l
5579,l/C_color_11_0081.png,l
5580,l/C_color_11_0082.png,l
5581,l/C_color_11_0083.png,l
5582,l/C_color_11_0084.png,l
5583,l/C_color_11_0085.png,l
5584,l/C_color_11_0086.png,l
5585,l/C_color_11_0087.png,l
5586,l/C_color_11_0088.png,l
5587,l/C_color_11_0089.png,l
5588,l/C_color_11_0090.png,l
5589,l/C_color_11_0091.png,l
5590,l/C_color_11_0092.png,l
5591,l/C_color_11_0093.png,l
5592,l/C_color_11_0094.png,l
5593,l/C_color_11_0095.png,l
5594,l/C_color_11_0096.png,l
5595,l/C_color_11_0097.png,l
5596,l/C_color_11_0098.png,l
5597,l/C_color_11_0099.png,l
5598,l/C_color_11_0100.png,l
5599,l/C_color_11_0101.png,l
5600,l/C_color_11_0102.png,l
5601,l/C_color_11_0103.png,l
5602,l/C_color_11_0104.png,l
5603,l/C_color_11_0105.png,l
5604,l/C_color_11_0106.png,l
5605,l/C_color_11_0107.png,l
5606,l/C_color_11_0108.png,l
5607,l/C_color_11_0109.png,l
5608,l/C_color_11_0110.png,l
5609,l/C_color_11_0111.png,l
5610,l/C_color_11_0112.png,l
5611,l/C_color_11_0113.png,l
5612,l/C_color_11_0114.png,l
5613,l/C_color_11_0115.png,l
5614,l/C_color_11_0116.png,l
5615,l/C_color_11_0117.png,l
5616,l/C_color_11_0118.png,l
5617,l/C_color_11_0119.png,l
5618,l/C_color_11_0120.png,l
5619,l/C_color_11_0121.png,l
5620,l/C_color_11_0122.png,l
5621,l/C_color_11_0123.png,l
5622,l/C_color_11_0124.png,l
5623,l/C_color_11_0125.png,l
5624,l/C_color_11_0126.png,l
5625,l/C_color_11_0127.png,l
5626,l/C_color_11_0128.png,l
5627,l/C_color_11_0129.png,l
5628,l/C_color_11_0130.png,l
5629,l/C_color_11_0131.png,l
5630,l/C_color_11_0132.png,l
5631,l/C_color_11_0133.png,l
5632,l/C_color_11_0134.png,l
5633,l/C_color_11_0135.png,l
5634,l/C_color_11_0136.png,l
5635,l/C_color_11_0137.png,l
5636,l/C_color_11_0138.png,l
5637,l/C_color_11_0139.png,l
5638,l/C_color_11_0140.png,l
5639,l/C_color_11_0141.png,l
5640,l/C_color_11_0142.png,l
5641,l/C_color_11_0143.png,l
5642,l/C_color_11_0144.png,l
5643,l/C_color_11_0145.png,l
5644,l/C_color_11_0146.png,l
5645,l/C_color_11_0147.png,l
5646,l/C_color_11_0148.png,l
5647,l/C_color_11_0149.png,l
5648,l/C_color_11_0150.png,l
5649,l/C_color_11_0151.png,l
5650,l/C_color_11_0152.png,l
5651,l/C_color_11_0153.png,l
5652,l/C_color_11_0154.png,l
5653,l/C_color_11_0155.png,l
5654,l/C_color_11_0156.png,l
5655,l/C_color_11_0157.png,l
5656,l/C_color_11_0158.png,l
5657,l/C_color_11_0159.png,l
5658,l/C_color_11_0160.png,l
5659,l/C_color_11_0161.png,l
5660,l/C_color_11_0162.png,l
5661,l/C_color_11_0163.png,l
5662,l/C_color_11_0164.png,l
5663,l/C_color_11_0165.png,l
5664,l/C_color_11_0166.png,l
5665,l/C_color_11_0167.png,l
5666,l/C_color_11_0168.png,l
5667,l/C_color_11_0169.png,l
5668,l/C_color_11_0170.png,l
5669,l/C_color_11_0171.png,l
5670,l/C_color_11_0172.png,l
5671,l/C_color_11_0173.png,l
5672,l/C_color_11_0174.png,l
5673,l/C_color_11_0175.png,l
5674,l/C_color_11_0176.png,l
5675,l/C_color_11_0177.png,l
5676,l/C_color_11_0178.png,l
5677,l/C_color_11_0179.png,l
5678,l/C_color_11_0180.png,l
5679,l/C_color_11_0181.png,l
5680,l/C_color_11_0182.png,l
5681,l/C_color_11_0183.png,l
5682,l/C_color_11_0184.png,l
5683,l/C_color_11_0185.png,l
5684,l/C_color_11_0186.png,l
5685,l/C_color_11_0187.png,l
5686,l/C_color_11_0188.png,l
5687,l/C_color_11_0189.png,l
5688,l/C_color_11_0190.png,l
5689,l/C_color_11_0191.png,l
5690,l/C_color_11_0192.png,l
5691,l/C_color_11_0193.png,l
5692,l/C_color_11_0194.png,l
5693,l/C_color_11_0195.png,l
5694,l/C_color_11_0196.png,l
5695,l/C_color_11_0197.png,l
5696,l/C_color_11_0198.png,l
5697,l/C_color_11_0199.png,l
5698,l/C_color_11_0200.png,l
5699,l/C_color_11_0201.png,l
5700,l/C_color_11_0202.png,l
5701,l/C_color_11_0203.png,l
5702,l/C_color_11_0204.png,l
5703,l/C_color_11_0205.png,l
5704,l/C_color_11_0206.png,l
5705,l/C_color_11_0207.png,l
5706,l/C_color_11_0208.png,l
5707,l/C_color_11_0209.png,l
5708,l/C_color_11_0210.png,l
5709,l/C_color_11_0211.png,l
5710,l/C_color_11_0212.png,l
5711,l/C_color_11_0213.png,l
5712,l/C_color_11_0214.png,l
5713,l/C_color_11_0215.png,l
5714,l/C_color_11_0216.png,l
5715,l/C_color_11_0217.png,l
5716,l/C_color_11_0218.png,l
5717,l/C_color_11_0219.png,l
5718,l/C_color_11_0220.png,l
5719,l/C_color_11_0221.png,l
5720,l/C_color_11_0222.png,l
5721,l/C_color_11_0223.png,l
5722,l/C_color_11_0224.png,l
5723,l/C_color_11_0225.png,l
5724,l/C_color_11_0226.png,l
5725,l/C_color_11_0227.png,l
5726,l/C_color_11_0228.png,l
5727,l/C_color_11_0229.png,l
5728,l/C_color_11_0230.png,l
5729,l/C_color_11_0231.png,l
5730,l/C_color_11_0232.png,l
5731,l/C_color_11_0233.png,l
5732,l/C_color_11_0234.png,l
5733,l/C_color_11_0235.png,l
5734,l/C_color_11_0236.png,l
5735,l/C_color_11_0237.png,l
5736,l/C_color_11_0238.png,l
5737,l/C_color_11_0239.png,l
5738,l/C_color_11_0240.png,l
5739,l/C_color_11_0241.png,l
5740,l/C_color_11_0242.png,l
5741,l/C_color_11_0243.png,l
5742,l/C_color_11_0244.png,l
5743,l/C_color_11_0245.png,l
5744,l/C_color_11_0246.png,l
5745,l/C_color_11_0247.png,l
5746,l/C_color_11_0248.png,l
5747,l/C_color_11_0249.png,l
5748,l/C_color_11_0250.png,l
5749,l/C_color_11_0251.png,l
5750,l/C_color_11_0252.png,l
5751,l/C_color_11_0253.png,l
5752,l/C_color_11_0254.png,l
5753,l/C_color_11_0255.png,l
5754,l/C_color_11_0256.png,l
5755,l/C_color_11_0257.png,l
5756,l/C_color_11_0258.png,l
5757,l/C_color_11_0259.png,l
5758,l/C_color_11_0260.png,l
5759,l/C_color_11_0261.png,l
5760,l/C_color_11_0262.png,l
5761,l/C_color_11_0263.png,l
5762,l/C_color_11_0264.png,l
5763,l/C_color_11_0265.png,l
5764,l/C_color_11_0266.png,l
5765,l/C_color_11_0267.png,l
5766,l/C_color_11_0268.png,l
5767,l/C_color_11_0269.png,l
5768,l/C_color_11_0270.png,l
5769,l/C_color_11_0271.png,l
5770,l/C_color_11_0272.png,l
5771,l/C_color_11_0273.png,l
5772,l/C_color_11_0274.png,l
5773,l/C_color_11_0275.png,l
5774,l/C_color_11_0276.png,l
5775,l/C_color_11_0277.png,l
5776,l/C_color_11_0278.png,l
5777,l/C_color_11_0279.png,l
5778,l/C_color_11_0280.png,l
5779,l/C_color_11_0281.png,l
5780,l/C_color_11_0282.png,l
5781,l/C_color_11_0283.png,l
5782,l/C_color_11_0284.png,l
5783,l/C_color_11_0285.png,l
5784,l/C_color_11_0286.png,l
5785,l/C_color_11_0287.png,l
5786,l/C_color_11_0288.png,l
5787,l/C_color_11_0289.png,l
5788,l/C_color_11_0290.png,l
5789,l/C_color_11_0291.png,l
5790,l/C_color_11_0292.png,l
5791,l/C_color_11_0293.png,l
5792,l/C_color_11_0294.png,l
5793,l/C_color_11_0295.png,l
5794,l/C_color_11_0296.png,l
5795,l/C_color_11_0297.png,l
5796,l/C_color_11_0298.png,l
5797,l/C_color_11_0299.png,l
5798,l/C_color_11_0300.png,l
5799,l/C_color_11_0301.png,l
5800,l/C_color_11_0302.png,l
5801,l/C_color_11_0303.png,l
5802,l/C_color_11_0304.png,l
5803,l/C_color_11_0305.png,l
5804,l/C_color_11_0306.png,l
5805,l/C_color_11_0307.png,l
5806,l/C_color_11_0308.png,l
5807,l/C_color_11_0309.png,l
5808,l/C_color_11_0310.png,l
5809,l/C_color_11_0311.png,l
5810,l/C_color_11_0312.png,l
5811,l/C_color_11_0313.png,l
5812,l/C_color_11_0314.png,l
5813,l/C_color_11_0315.png,l
5814,l/C_color_11_0316.png,l
5815,l/C_color_11_0317.png,l
5816,l/C_color_11_0318.png,l
5817,l/C_color_11_0319.png,l
5818,l/C_color_11_0320.png,l
5819,l/C_color_11_0321.png,l
5820,l/C_color_11_0322.png,l
5821,l/C_color_11_0323.png,l
5822,l/C_color_11_0324.png,l
5823,l/C_color_11_0325.png,l
5824,l/C_color_11_0326.png,l
5825,l/C_color_11_0327.png,l
5826,l/C_color_11_0328.png,l
5827,l/C_color_11_0329.png,l
5828,l/C_color_11_0330.png,l
5829,l/C_color_11_0331.png,l
5830,l/C_color_11_0332.png,l
5831,l/C_color_11_0333.png,l
5832,l/C_color_11_0334.png,l
5833,l/C_color_11_0335.png,l
5834,l/C_color_11_0336.png,l
5835,l/C_color_11_0337.png,l
5836,l/C_color_11_0338.png,l
5837,l/C_color_11_0339.png,l
5838,l/C_color_11_0340.png,l
5839,l/C_color_11_0341.png,l
5840,l/C_color_11_0342.png,l
5841,l/C_color_11_0343.png,l
5842,l/C_color_11_0344.png,l
5843,l/C_color_11_0345.png,l
5844,l/C_color_11_0346.png,l
5845,l/C_color_11_0347.png,l
5846,l/C_color_11_0348.png,l
5847,l/C_color_11_0349.png,l
5848,l/C_color_11_0350.png,l
5849,l/C_color_11_0351.png,l
5850,l/C_color_11_0352.png,l
5851,l/C_color_11_0353.png,l
5852,l/C_color_11_0354.png,l
5853,l/C_color_11_0355.png,l
5854,l/C_color_11_0356.png,l
5855,l/C_color_11_0357.png,l
5856,l/C_color_11_0358.png,l
5857,l/C_color_11_0359.png,l
5858,l/C_color_11_0360.png,l
5859,l/C_color_11_0361.png,l
5860,l/C_color_11_0362.png,l
5861,l/C_color_11_0363.png,l
5862,l/C_color_11_0364.png,l
5863,l/C_color_11_0365.png,l
5864,l/C_color_11_0366.png,l
5865,l/C_color_11_0367.png,l
5866,l/C_color_11_0368.png,l
5867,l/C_color_11_0369.png,l
5868,l/C_color_11_0370.png,l
5869,l/C_color_11_0371.png,l
5870,l/C_color_11_0372.png,l
5871,l/C_color_11_0373.png,l
5872,l/C_color_11_0374.png,l
5873,l/C_color_11_0375.png,l
5874,l/C_color_11_0376.png,l
5875,l/C_color_11_0377.png,l
5876,l/C_color_11_0378.png,l
5877,l/C_color_11_0379.png,l
5878,l/C_color_11_0380.png,l
5879,l/C_color_11_0381.png,l
5880,l/C_color_11_0382.png,l
5881,l/C_color_11_0383.png,l
5882,l/C_color_11_0384.png,l
5883,l/C_color_11_0385.png,l
5884,l/C_color_11_0386.png,l
5885,l/C_color_11_0387.png,l
5886,l/C_color_11_0388.png,l
5887,l/C_color_11_0389.png,l
5888,l/C_color_11_0390.png,l
5889,l/C_color_11_0391.png,l
5890,l/C_color_11_0392.png,l
5891,l/C_color_11_0393.png,l
5892,l/C_color_11_0394.png,l
5893,l/C_color_11_0395.png,l
5894,l/C_color_11_0396.png,l
5895,l/C_color_11_0397.png,l
5896,l/C_color_11_0398.png,l
5897,l/C_color_11_0399.png,l
5898,l/C_color_11_0400.png,l
5899,l/C_color_11_0401.png,l
5900,l/C_color_11_0402.png,l
5901,l/C_color_11_0403.png,l
5902,l/C_color_11_0404.png,l
5903,l/C_color_11_0405.png,l
5904,l/C_color_11_0406.png,l
5905,l/C_color_11_0407.png,l
5906,l/C_color_11_0408.png,l
5907,l/C_color_11_0409.png,l
5908,l/C_color_11_0410.png,l
5909,l/C_color_11_0411.png,l
5910,l/C_color_11_0412.png,l
5911,l/C_color_11_0413.png,l
5912,l/C_color_11_0414.png,l
5913,l/C_color_11_0415.png,l
5914,l/C_color_11_0416.png,l
5915,l/C_color_11_0417.png,l
5916,l/C_color_11_0418.png,l
5917,l/C_color_11_0419.png,l
5918,l/C_color_11_0420.png,l
5919,l/C_color_11_0421.png,l
5920,l/C_color_11_0422.png,l
5921,l/C_color_11_0423.png,l
5922,l/C_color_11_0424.png,l
5923,l/C_color_11_0425.png,l
5924,l/C_color_11_0426.png,l
5925,l/C_color_11_0427.png,l
5926,l/C_color_11_0428.png,l
5927,l/C_color_11_0429.png,l
5928,l/C_color_11_0430.png,l
5929,l/C_color_11_0431.png,l
5930,l/C_color_11_0432.png,l
5931,l/C_color_11_0433.png,l
5932,l/C_color_11_0434.png,l
5933,l/C_color_11_0435.png,l
5934,l/C_color_11_0436.png,l
5935,l/C_color_11_0437.png,l
5936,l/C_color_11_0438.png,l
5937,l/C_color_11_0439.png,l
5938,l/C_color_11_0440.png,l
5939,l/C_color_11_0441.png,l
5940,l/C_color_11_0442.png,l
5941,l/C_color_11_0443.png,l
5942,l/C_color_11_0444.png,l
5943,l/C_color_11_0445.png,l
5944,l/C_color_11_0446.png,l
5945,l/C_color_11_0447.png,l
5946,l/C_color_11_0448.png,l
5947,l/C_color_11_0449.png,l
5948,l/C_color_11_0450.png,l
5949,l/C_color_11_0451.png,l
5950,l/C_color_11_0452.png,l
5951,l/C_color_11_0453.png,l
5952,l/C_color_11_0454.png,l
5953,l/C_color_11_0455.png,l
5954,l/C_color_11_0456.png,l
5955,l/C_color_11_0457.png,l
5956,l/C_color_11_0458.png,l
5957,l/C_color_11_0459.png,l
5958,l/C_color_11_0460.png,l
5959,l/C_color_11_0461.png,l
5960,l/C_color_11_0462.png,l
5961,l/C_color_11_0463.png,l
5962,l/C_color_11_0464.png,l
5963,l/C_color_11_0465.png,l
5964,l/C_color_11_0466.png,l
5965,l/C_color_11_0467.png,l
5966,l/C_color_11_0468.png,l
5967,l/C_color_11_0469.png,l
5968,l/C_color_11_0470.png,l
5969,l/C_color_11_0471.png,l
5970,l/C_color_11_0472.png,l
5971,l/C_color_11_0473.png,l
5972,l/C_color_11_0474.png,l
5973,l/C_color_11_0475.png,l
5974,l/C_color_11_0476.png,l
5975,l/C_color_11_0477.png,l
5976,l/C_color_11_0478.png,l
5977,l/C_color_11_0479.png,l
5978,l/C_color_11_0480.png,l
5979,l/C_color_11_0481.png,l
5980,l/C_color_11_0482.png,l
5981,l/C_color_11_0483.png,l
5982,l/C_color_11_0484.png,l
5983,l/C_color_11_0485.png,l
5984,l/C_color_11_0486.png,l
5985,l/C_color_11_0487.png,l
5986,l/C_color_11_0488.png,l
5987,l/C_color_11_0489.png,l
5988,l/C_color_11_0490.png,l
5989,l/C_color_11_0491.png,l
5990,l/C_color_11_0492.png,l
5991,l/C_color_11_0493.png,l
5992,l/C_color_11_0494.png,l
5993,l/C_color_11_0495.png,l
5994,l/C_color_11_0496.png,l
5995,l/C_color_11_0497.png,l
5996,l/C_color_11_0498.png,l
5997,l/C_color_11_0499.png,l
5998,l/C_color_11_0500.png,l
5999,l/C_color_11_0501.png,l
6000,l/C_color_11_0502.png,l
6001,l/C_color_11_0503.png,l
6002,l/C_color_11_0504.png,l
6003,l/C_color_11_0505.png,l
6004,l/C_color_11_0506.png,l
6005,l/C_color_11_0507.png,l
6006,l/C_color_11_0508.png,l
6007,l/C_color_11_0509.png,l
6008,l/C_color_11_0510.png,l
6009,l/C_color_11_0511.png,l
6010,l/C_color_11_0512.png,l
6011,l/C_color_11_0513.png,l
6012,l/C_color_11_0514.png,l
6013,l/C_color_11_0515.png,l
6014,l/C_color_11_0516.png,l
6015,l/C_color_11_0517.png,l
6016,l/C_color_11_0518.png,l
6017,l/C_color_11_0519.png,l
6018,l/C_color_11_0520.png,l
6019,l/C_color_11_0521.png,l
6020,l/C_color_11_0522.png,l
6021,l/C_color_11_0523.png,l
6022,l/C_color_11_0524.png,l
6023,l/C_color_11_0525.png,l
6024,l/C_color_11_0526.png,l
6025,l/C_color_11_0527.png,l
6026,l/C_color_11_0528.png,l
6027,l/C_color_11_0529.png,l
6028,l/C_color_11_0530.png,l
6029,l/C_color_11_0531.png,l
6030,l/C_color_11_0532.png,l
6031,l/C_color_11_0533.png,l
6032,l/C_color_11_0534.png,l
6033,l/C_color_11_0535.png,l
6034,l/C_color_11_0536.png,l
6035,l/C_color_11_0537.png,l
6036,l/C_color_11_0538.png,l
6037,l/C_color_11_0539.png,l
6038,l/C_color_11_0540.png,l
6039,l/C_color_11_0541.png,l
6040,l/C_color_11_0542.png,l
6041,l/C_color_11_0543.png,l
6042,l/C_color_11_0544.png,l
6043,l/C_color_11_0545.png,l
6044,l/C_color_11_0546.png,l
6045,l/C_color_11_0547.png,l
6046,l/C_color_11_0548.png,l
6047,l/C_color_11_0549.png,l
6048,l/C_color_11_0550.png,l
6049,l/C_color_11_0551.png,l
6050,l/C_color_11_0552.png,l
6051,l/C_color_11_0553.png,l
6052,l/C_color_11_0554.png,l
6053,l/C_color_11_0555.png,l
6054,l/C_color_11_0556.png,l
6055,l/C_color_11_0557.png,l
6056,l/C_color_11_0558.png,l
6057,l/C_color_11_0559.png,l
6058,l/C_color_11_0560.png,l
6059,l/C_color_11_0561.png,l
6060,l/C_color_11_0562.png,l
6061,l/C_color_11_0563.png,l
6062,l/C_color_11_0564.png,l
6063,l/C_color_11_0565.png,l
6064,l/C_color_11_0566.png,l
6065,l/C_color_11_0567.png,l
6066,l/C_color_11_0568.png,l
6067,l/C_color_11_0569.png,l
6068,l/C_color_11_0570.png,l
6069,l/C_color_11_0571.png,l
6070,l/C_color_11_0572.png,l
6071,l/C_color_11_0573.png,l
6072,l/C_color_11_0574.png,l
6073,l/C_color_11_0575.png,l
6074,l/C_color_11_0576.png,l
6075,l/C_color_11_0577.png,l
6076,l/C_color_11_0578.png,l
6077,l/C_color_11_0579.png,l
6078,l/C_color_11_0580.png,l
6079,l/C_color_11_0581.png,l
6080,l/C_color_11_0582.png,l
6081,l/C_color_11_0583.png,l
6082,l/C_color_11_0584.png,l
6083,l/C_color_11_0585.png,l
6084,l/C_color_11_0586.png,l
6085,m/C_color_12_0002.png,m
6086,m/C_color_12_0003.png,m
6087,m/C_color_12_0004.png,m
6088,m/C_color_12_0005.png,m
6089,m/C_color_12_0006.png,m
6090,m/C_color_12_0007.png,m
6091,m/C_color_12_0008.png,m
6092,m/C_color_12_0009.png,m
6093,m/C_color_12_0010.png,m
6094,m/C_color_12_0011.png,m
6095,m/C_color_12_0012.png,m
6096,m/C_color_12_0013.png,m
6097,m/C_color_12_0014.png,m
6098,m/C_color_12_0015.png,m
6099,m/C_color_12_0016.png,m
6100,m/C_color_12_0017.png,m
6101,m/C_color_12_0018.png,m
6102,m/C_color_12_0019.png,m
6103,m/C_color_12_0020.png,m
6104,m/C_color_12_0021.png,m
6105,m/C_color_12_0022.png,m
6106,m/C_color_12_0023.png,m
6107,m/C_color_12_0024.png,m
6108,m/C_color_12_0025.png,m
6109,m/C_color_12_0026.png,m
6110,m/C_color_12_0027.png,m
6111,m/C_color_12_0028.png,m
6112,m/C_color_12_0029.png,m
6113,m/C_color_12_0030.png,m
6114,m/C_color_12_0031.png,m
6115,m/C_color_12_0032.png,m
6116,m/C_color_12_0033.png,m
6117,m/C_color_12_0034.png,m
6118,m/C_color_12_0035.png,m
6119,m/C_color_12_0036.png,m
6120,m/C_color_12_0037.png,m
6121,m/C_color_12_0038.png,m
6122,m/C_color_12_0039.png,m
6123,m/C_color_12_0040.png,m
6124,m/C_color_12_0041.png,m
6125,m/C_color_12_0042.png,m
6126,m/C_color_12_0043.png,m
6127,m/C_color_12_0044.png,m
6128,m/C_color_12_0045.png,m
6129,m/C_color_12_0046.png,m
6130,m/C_color_12_0047.png,m
6131,m/C_color_12_0048.png,m
6132,m/C_color_12_0049.png,m
6133,m/C_color_12_0050.png,m
6134,m/C_color_12_0051.png,m
6135,m/C_color_12_0052.png,m
6136,m/C_color_12_0053.png,m
6137,m/C_color_12_0054.png,m
6138,m/C_color_12_0055.png,m
6139,m/C_color_12_0056.png,m
6140,m/C_color_12_0057.png,m
6141,m/C_color_12_0058.png,m
6142,m/C_color_12_0059.png,m
6143,m/C_color_12_0060.png,m
6144,m/C_color_12_0061.png,m
6145,m/C_color_12_0062.png,m
6146,m/C_color_12_0063.png,m
6147,m/C_color_12_0064.png,m
6148,m/C_color_12_0065.png,m
6149,m/C_color_12_0066.png,m
6150,m/C_color_12_0067.png,m
6151,m/C_color_12_0068.png,m
6152,m/C_color_12_0069.png,m
6153,m/C_color_12_0070.png,m
6154,m/C_color_12_0071.png,m
6155,m/C_color_12_0072.png,m
6156,m/C_color_12_0073.png,m
6157,m/C_color_12_0074.png,m
6158,m/C_color_12_0075.png,m
6159,m/C_color_12_0076.png,m
6160,m/C_color_12_0077.png,m
6161,m/C_color_12_0078.png,m
6162,m/C_color_12_0079.png,m
6163,m/C_color_12_0080.png,m
6164,m/C_color_12_0081.png,m
6165,m/C_color_12_0082.png,m
6166,m/C_color_12_0083.png,m
6167,m/C_color_12_0084.png,m
6168,m/C_color_12_0085.png,m
6169,m/C_color_12_0086.png,m
6170,m/C_color_12_0087.png,m
6171,m/C_color_12_0088.png,m
6172,m/C_color_12_0089.png,m
6173,m/C_color_12_0090.png,m
6174,m/C_color_12_0091.png,m
6175,m/C_color_12_0092.png,m
6176,m/C_color_12_0093.png,m
6177,m/C_color_12_0094.png,m
6178,m/C_color_12_0095.png,m
6179,m/C_color_12_0096.png,m
6180,m/C_color_12_0097.png,m
6181,m/C_color_12_0098.png,m
6182,m/C_color_12_0099.png,m
6183,m/C_color_12_0100.png,m
6184,m/C_color_12_0101.png,m
6185,m/C_color_12_0102.png,m
6186,m/C_color_12_0103.png,m
6187,m/C_color_12_0104.png,m
6188,m/C_color_12_0105.png,m
6189,m/C_color_12_0106.png,m
6190,m/C_color_12_0107.png,m
6191,m/C_color_12_0108.png,m
6192,m/C_color_12_0109.png,m
6193,m/C_color_12_0110.png,m
6194,m/C_color_12_0111.png,m
6195,m/C_color_12_0112.png,m
6196,m/C_color_12_0113.png,m
6197,m/C_color_12_0114.png,m
6198,m/C_color_12_0115.png,m
6199,m/C_color_12_0116.png,m
6200,m/C_color_12_0117.png,m
6201,m/C_color_12_0118.png,m
6202,m/C_color_12_0119.png,m
6203,m/C_color_12_0120.png,m
6204,m/C_color_12_0121.png,m
6205,m/C_color_12_0122.png,m
6206,m/C_color_12_0123.png,m
6207,m/C_color_12_0124.png,m
6208,m/C_color_12_0125.png,m
6209,m/C_color_12_0126.png,m
6210,m/C_color_12_0127.png,m
6211,m/C_color_12_0128.png,m
6212,m/C_color_12_0129.png,m
6213,m/C_color_12_0130.png,m
6214,m/C_color_12_0131.png,m
6215,m/C_color_12_0132.png,m
6216,m/C_color_12_0133.png,m
6217,m/C_color_12_0134.png,m
6218,m/C_color_12_0135.png,m
6219,m/C_color_12_0136.png,m
6220,m/C_color_12_0137.png,m
6221,m/C_color_12_0138.png,m
6222,m/C_color_12_0139.png,m
6223,m/C_color_12_0140.png,m
6224,m/C_color_12_0141.png,m
6225,m/C_color_12_0142.png,m
6226,m/C_color_12_0143.png,m
6227,m/C_color_12_0144.png,m
6228,m/C_color_12_0145.png,m
6229,m/C_color_12_0146.png,m
6230,m/C_color_12_0147.png,m
6231,m/C_color_12_0148.png,m
6232,m/C_color_12_0149.png,m
6233,m/C_color_12_0150.png,m
6234,m/C_color_12_0151.png,m
6235,m/C_color_12_0152.png,m
6236,m/C_color_12_0153.png,m
6237,m/C_color_12_0154.png,m
6238,m/C_color_12_0155.png,m
6239,m/C_color_12_0156.png,m
6240,m/C_color_12_0157.png,m
6241,m/C_color_12_0158.png,m
6242,m/C_color_12_0159.png,m
6243,m/C_color_12_0160.png,m
6244,m/C_color_12_0161.png,m
6245,m/C_color_12_0162.png,m
6246,m/C_color_12_0163.png,m
6247,m/C_color_12_0164.png,m
6248,m/C_color_12_0165.png,m
6249,m/C_color_12_0166.png,m
6250,m/C_color_12_0167.png,m
6251,m/C_color_12_0168.png,m
6252,m/C_color_12_0169.png,m
6253,m/C_color_12_0170.png,m
6254,m/C_color_12_0171.png,m
6255,m/C_color_12_0172.png,m
6256,m/C_color_12_0173.png,m
6257,m/C_color_12_0174.png,m
6258,m/C_color_12_0175.png,m
6259,m/C_color_12_0176.png,m
6260,m/C_color_12_0177.png,m
6261,m/C_color_12_0178.png,m
6262,m/C_color_12_0179.png,m
6263,m/C_color_12_0180.png,m
6264,m/C_color_12_0181.png,m
6265,m/C_color_12_0182.png,m
6266,m/C_color_12_0183.png,m
6267,m/C_color_12_0184.png,m
6268,m/C_color_12_0185.png,m
6269,m/C_color_12_0186.png,m
6270,m/C_color_12_0187.png,m
6271,m/C_color_12_0188.png,m
6272,m/C_color_12_0189.png,m
6273,m/C_color_12_0190.png,m
6274,m/C_color_12_0191.png,m
6275,m/C_color_12_0192.png,m
6276,m/C_color_12_0193.png,m
6277,m/C_color_12_0194.png,m
6278,m/C_color_12_0195.png,m
6279,m/C_color_12_0196.png,m
6280,m/C_color_12_0197.png,m
6281,m/C_color_12_0198.png,m
6282,m/C_color_12_0199.png,m
6283,m/C_color_12_0200.png,m
6284,m/C_color_12_0201.png,m
6285,m/C_color_12_0202.png,m
6286,m/C_color_12_0203.png,m
6287,m/C_color_12_0204.png,m
6288,m/C_color_12_0205.png,m
6289,m/C_color_12_0206.png,m
6290,m/C_color_12_0207.png,m
6291,m/C_color_12_0208.png,m
6292,m/C_color_12_0209.png,m
6293,m/C_color_12_0210.png,m
6294,m/C_color_12_0211.png,m
6295,m/C_color_12_0212.png,m
6296,m/C_color_12_0213.png,m
6297,m/C_color_12_0214.png,m
6298,m/C_color_12_0215.png,m
6299,m/C_color_12_0216.png,m
6300,m/C_color_12_0217.png,m
6301,m/C_color_12_0218.png,m
6302,m/C_color_12_0219.png,m
6303,m/C_color_12_0220.png,m
6304,m/C_color_12_0221.png,m
6305,m/C_color_12_0222.png,m
6306,m/C_color_12_0223.png,m
6307,m/C_color_12_0224.png,m
6308,m/C_color_12_0225.png,m
6309,m/C_color_12_0226.png,m
6310,m/C_color_12_0227.png,m
6311,m/C_color_12_0228.png,m
6312,m/C_color_12_0229.png,m
6313,m/C_color_12_0230.png,m
6314,m/C_color_12_0231.png,m
6315,m/C_color_12_0232.png,m
6316,m/C_color_12_0233.png,m
6317,m/C_color_12_0234.png,m
6318,m/C_color_12_0235.png,m
6319,m/C_color_12_0236.png,m
6320,m/C_color_12_0237.png,m
6321,m/C_color_12_0238.png,m
6322,m/C_color_12_0239.png,m
6323,m/C_color_12_0240.png,m
6324,m/C_color_12_0241.png,m
6325,m/C_color_12_0242.png,m
6326,m/C_color_12_0243.png,m
6327,m/C_color_12_0244.png,m
6328,m/C_color_12_0245.png,m
6329,m/C_color_12_0246.png,m
6330,m/C_color_12_0247.png,m
6331,m/C_color_12_0248.png,m
6332,m/C_color_12_0249.png,m
6333,m/C_color_12_0250.png,m
6334,m/C_color_12_0251.png,m
6335,m/C_color_12_0252.png,m
6336,m/C_color_12_0253.png,m
6337,m/C_color_12_0254.png,m
6338,m/C_color_12_0255.png,t
6339,m/C_color_12_0256.png,t
6340,m/C_color_12_0257.png,t
6341,m/C_color_12_0258.png,t
6342,m/C_color_12_0259.png,t
6343,m/C_color_12_0260.png,t
6344,m/C_color_12_0261.png,t
6345,m/C_color_12_0262.png,t
6346,m/C_color_12_0263.png,t
6347,m/C_color_12_0264.png,m
6348,m/C_color_12_0265.png,m
6349,m/C_color_12_0266.png,m
6350,m/C_color_12_0267.png,m
6351,m/C_color_12_0268.png,m
6352,m/C_color_12_0269.png,m
6353,m/C_color_12_0270.png,m
6354,m/C_color_12_0271.png,m
6355,m/C_color_12_0272.png,m
6356,m/C_color_12_0273.png,m
6357,m/C_color_12_0274.png,m
6358,m/C_color_12_0275.png,m
6359,m/C_color_12_0276.png,m
6360,m/C_color_12_0277.png,m
6361,m/C_color_12_0278.png,m
6362,m/C_color_12_0279.png,m
6363,m/C_color_12_0280.png,m
6364,m/C_color_12_0281.png,m
6365,m/C_color_12_0282.png,m
6366,m/C_color_12_0283.png,m
6367,m/C_color_12_0284.png,m
6368,m/C_color_12_0285.png,m
6369,m/C_color_12_0286.png,m
6370,m/C_color_12_0287.png,m
6371,m/C_color_12_0288.png,m
6372,m/C_color_12_0289.png,m
6373,m/C_color_12_0290.png,m
6374,m/C_color_12_0291.png,m
6375,m/C_color_12_0292.png,m
6376,m/C_color_12_0293.png,m
6377,m/C_color_12_0294.png,m
6378,m/C_color_12_0295.png,m
6379,m/C_color_12_0296.png,m
6380,m/C_color_12_0297.png,m
6381,m/C_color_12_0298.png,m
6382,m/C_color_12_0299.png,m
6383,m/C_color_12_0300.png,m
6384,m/C_color_12_0301.png,m
6385,m/C_color_12_0302.png,m
6386,m/C_color_12_0303.png,m
6387,m/C_color_12_0304.png,m
6388,m/C_color_12_0305.png,m
6389,m/C_color_12_0306.png,m
6390,m/C_color_12_0307.png,m
6391,m/C_color_12_0308.png,m
6392,m/C_color_12_0309.png,m
6393,m/C_color_12_0310.png,m
6394,m/C_color_12_0311.png,m
6395,m/C_color_12_0312.png,m
6396,m/C_color_12_0313.png,m
6397,m/C_color_12_0314.png,m
6398,m/C_color_12_0315.png,m
6399,m/C_color_12_0316.png,m
6400,m/C_color_12_0317.png,m
6401,m/C_color_12_0318.png,m
6402,m/C_color_12_0319.png,m
6403,m/C_color_12_0320.png,m
6404,m/C_color_12_0321.png,m
6405,m/C_color_12_0322.png,m
6406,m/C_color_12_0323.png,m
6407,m/C_color_12_0324.png,m
6408,m/C_color_12_0325.png,m
6409,m/C_color_12_0326.png,m
6410,m/C_color_12_0327.png,m
6411,m/C_color_12_0328.png,m
6412,m/C_color_12_0329.png,m
6413,m/C_color_12_0330.png,m
6414,m/C_color_12_0331.png,m
6415,m/C_color_12_0332.png,m
6416,m/C_color_12_0333.png,m
6417,m/C_color_12_0334.png,m
6418,m/C_color_12_0335.png,m
6419,m/C_color_12_0336.png,m
6420,m/C_color_12_0337.png,m
6421,m/C_color_12_0338.png,m
6422,m/C_color_12_0339.png,m
6423,m/C_color_12_0340.png,m
6424,m/C_color_12_0341.png,m
6425,m/C_color_12_0342.png,m
6426,m/C_color_12_0343.png,m
6427,m/C_color_12_0344.png,m
6428,m/C_color_12_0345.png,m
6429,m/C_color_12_0346.png,m
6430,m/C_color_12_0347.png,m
6431,m/C_color_12_0348.png,m
6432,m/C_color_12_0349.png,m
6433,m/C_color_12_0350.png,m
6434,m/C_color_12_0351.png,m
6435,m/C_color_12_0352.png,m
6436,m/C_color_12_0353.png,m
6437,m/C_color_12_0354.png,m
6438,m/C_color_12_0355.png,m
6439,m/C_color_12_0356.png,m
6440,m/C_color_12_0357.png,m
6441,m/C_color_12_0358.png,m
6442,m/C_color_12_0359.png,m
6443,m/C_color_12_0360.png,m
6444,m/C_color_12_0361.png,m
6445,m/C_color_12_0362.png,m
6446,m/C_color_12_0363.png,m
6447,m/C_color_12_0364.png,m
6448,m/C_color_12_0365.png,m
6449,m/C_color_12_0366.png,m
6450,m/C_color_12_0367.png,m
6451,m/C_color_12_0368.png,m
6452,m/C_color_12_0369.png,m
6453,m/C_color_12_0370.png,m
6454,m/C_color_12_0371.png,m
6455,m/C_color_12_0372.png,m
6456,m/C_color_12_0373.png,m
6457,m/C_color_12_0374.png,m
6458,m/C_color_12_0375.png,m
6459,m/C_color_12_0376.png,m
6460,m/C_color_12_0377.png,m
6461,m/C_color_12_0378.png,m
6462,m/C_color_12_0379.png,m
6463,m/C_color_12_0380.png,m
6464,m/C_color_12_0381.png,m
6465,m/C_color_12_0382.png,m
6466,m/C_color_12_0383.png,m
6467,m/C_color_12_0384.png,m
6468,m/C_color_12_0385.png,m
6469,m/C_color_12_0386.png,m
6470,m/C_color_12_0387.png,m
6471,m/C_color_12_0388.png,m
6472,m/C_color_12_0389.png,m
6473,m/C_color_12_0390.png,m
6474,m/C_color_12_0391.png,m
6475,m/C_color_12_0392.png,m
6476,m/C_color_12_0393.png,m
6477,m/C_color_12_0394.png,m
6478,m/C_color_12_0395.png,m
6479,m/C_color_12_0396.png,m
6480,m/C_color_12_0397.png,m
6481,m/C_color_12_0398.png,m
6482,m/C_color_12_0399.png,m
6483,m/C_color_12_0400.png,m
6484,m/C_color_12_0401.png,m
6485,m/C_color_12_0402.png,m
6486,m/C_color_12_0403.png,m
6487,m/C_color_12_0404.png,m
6488,m/C_color_12_0405.png,m
6489,m/C_color_12_0406.png,m
6490,m/C_color_12_0407.png,m
6491,m/C_color_12_0408.png,m
6492,m/C_color_12_0409.png,m
6493,m/C_color_12_0410.png,m
6494,m/C_color_12_0411.png,m
6495,m/C_color_12_0412.png,m
6496,m/C_color_12_0413.png,m
6497,m/C_color_12_0414.png,m
6498,m/C_color_12_0415.png,m
6499,m/C_color_12_0416.png,m
6500,m/C_color_12_0417.png,m
6501,m/C_color_12_0418.png,m
6502,m/C_color_12_0419.png,m
6503,m/C_color_12_0420.png,m
6504,m/C_color_12_0421.png,m
6505,m/C_color_12_0422.png,m
6506,m/C_color_12_0423.png,m
6507,m/C_color_12_0424.png,m
6508,m/C_color_12_0425.png,m
6509,m/C_color_12_0426.png,m
6510,m/C_color_12_0427.png,m
6511,m/C_color_12_0428.png,m
6512,m/C_color_12_0429.png,m
6513,m/C_color_12_0430.png,m
6514,m/C_color_12_0431.png,m
6515,m/C_color_12_0432.png,m
6516,m/C_color_12_0433.png,m
6517,m/C_color_12_0434.png,m
6518,m/C_color_12_0435.png,m
6519,m/C_color_12_0436.png,m
6520,m/C_color_12_0437.png,m
6521,m/C_color_12_0438.png,m
6522,m/C_color_12_0439.png,m
6523,m/C_color_12_0440.png,m
6524,m/C_color_12_0441.png,m
6525,m/C_color_12_0442.png,m
6526,m/C_color_12_0443.png,m
6527,m/C_color_12_0444.png,m
6528,m/C_color_12_0445.png,m
6529,m/C_color_12_0446.png,m
6530,m/C_color_12_0447.png,m
6531,m/C_color_12_0448.png,m
6532,m/C_color_12_0449.png,m
6533,m/C_color_12_0450.png,m
6534,m/C_color_12_0451.png,m
6535,m/C_color_12_0452.png,m
6536,m/C_color_12_0453.png,m
6537,m/C_color_12_0454.png,m
6538,m/C_color_12_0455.png,m
6539,m/C_color_12_0456.png,m
6540,m/C_color_12_0457.png,m
6541,m/C_color_12_0458.png,m
6542,m/C_color_12_0459.png,m
6543,m/C_color_12_0460.png,m
6544,m/C_color_12_0461.png,m
6545,m/C_color_12_0462.png,m
6546,m/C_color_12_0463.png,m
6547,m/C_color_12_0464.png,m
6548,m/C_color_12_0465.png,m
6549,m/C_color_12_0466.png,m
6550,m/C_color_12_0467.png,m
6551,m/C_color_12_0468.png,m
6552,m/C_color_12_0469.png,m
6553,m/C_color_12_0470.png,m
6554,m/C_color_12_0471.png,m
6555,m/C_color_12_0472.png,m
6556,m/C_color_12_0473.png,m
6557,m/C_color_12_0474.png,m
6558,m/C_color_12_0475.png,m
6559,m/C_color_12_0476.png,m
6560,m/C_color_12_0477.png,m
6561,m/C_color_12_0478.png,m
6562,m/C_color_12_0479.png,m
6563,m/C_color_12_0480.png,m
6564,m/C_color_12_0481.png,m
6565,m/C_color_12_0482.png,m
6566,m/C_color_12_0483.png,m
6567,m/C_color_12_0484.png,m
6568,m/C_color_12_0485.png,m
6569,m/C_color_12_0486.png,m
6570,m/C_color_12_0487.png,m
6571,m/C_color_12_0488.png,m
6572,m/C_color_12_0489.png,m
6573,m/C_color_12_0490.png,m
6574,m/C_color_12_0491.png,m
6575,m/C_color_12_0492.png,m
6576,m/C_color_12_0493.png,m
6577,m/C_color_12_0494.png,m
6578,m/C_color_12_0495.png,m
6579,m/C_color_12_0496.png,m
6580,m/C_color_12_0497.png,m
6581,m/C_color_12_0498.png,m
6582,m/C_color_12_0499.png,m
6583,m/C_color_12_0500.png,m
6584,m/C_color_12_0501.png,m
6585,m/C_color_12_0502.png,m
6586,m/C_color_12_0503.png,m
6587,m/C_color_12_0504.png,m
6588,m/C_color_12_0505.png,m
6589,m/C_color_12_0506.png,m
6590,m/C_color_12_0507.png,m
6591,m/C_color_12_0508.png,m
6592,m/C_color_12_0509.png,m
6593,m/C_color_12_0510.png,m
6594,m/C_color_12_0511.png,m
6595,m/C_color_12_0512.png,m
6596,m/C_color_12_0513.png,m
6597,m/C_color_12_0514.png,m
6598,m/C_color_12_0515.png,m
6599,m/C_color_12_0516.png,m
6600,m/C_color_12_0517.png,m
6601,m/C_color_12_0518.png,m
6602,m/C_color_12_0519.png,m
6603,m/C_color_12_0520.png,m
6604,m/C_color_12_0521.png,m
6605,m/C_color_12_0522.png,m
6606,m/C_color_12_0523.png,m
6607,m/C_color_12_0524.png,m
6608,m/C_color_12_0525.png,m
6609,m/C_color_12_0526.png,m
6610,m/C_color_12_0527.png,m
6611,m/C_color_12_0528.png,m
6612,m/C_color_12_0529.png,m
6613,m/C_color_12_0530.png,m
6614,m/C_color_12_0531.png,m
6615,m/C_color_12_0532.png,m
6616,m/C_color_12_0533.png,m
6617,m/C_color_12_0534.png,m
6618,m/C_color_12_0535.png,m
6619,m/C_color_12_0536.png,m
6620,m/C_color_12_0537.png,m
6621,m/C_color_12_0538.png,m
6622,n/C_color_13_0002.png,n
6623,n/C_color_13_0003.png,n
6624,n/C_color_13_0004.png,n
6625,n/C_color_13_0005.png,n
6626,n/C_color_13_0006.png,n
6627,n/C_color_13_0007.png,n
6628,n/C_color_13_0008.png,n
6629,n/C_color_13_0009.png,n
6630,n/C_color_13_0010.png,n
6631,n/C_color_13_0011.png,n
6632,n/C_color_13_0012.png,n
6633,n/C_color_13_0013.png,n
6634,n/C_color_13_0014.png,n
6635,n/C_color_13_0015.png,n
6636,n/C_color_13_0016.png,n
6637,n/C_color_13_0017.png,n
6638,n/C_color_13_0018.png,n
6639,n/C_color_13_0019.png,n
6640,n/C_color_13_0020.png,n
6641,n/C_color_13_0021.png,n
6642,n/C_color_13_0022.png,n
6643,n/C_color_13_0023.png,n
6644,n/C_color_13_0024.png,n
6645,n/C_color_13_0025.png,n
6646,n/C_color_13_0026.png,n
6647,n/C_color_13_0027.png,n
6648,n/C_color_13_0028.png,n
6649,n/C_color_13_0029.png,n
6650,n/C_color_13_0030.png,n
6651,n/C_color_13_0031.png,n
6652,n/C_color_13_0032.png,n
6653,n/C_color_13_0033.png,n
6654,n/C_color_13_0034.png,n
6655,n/C_color_13_0035.png,n
6656,n/C_color_13_0036.png,n
6657,n/C_color_13_0037.png,n
6658,n/C_color_13_0038.png,n
6659,n/C_color_13_0039.png,n
6660,n/C_color_13_0040.png,n
6661,n/C_color_13_0041.png,n
6662,n/C_color_13_0042.png,n
6663,n/C_color_13_0043.png,n
6664,n/C_color_13_0044.png,n
6665,n/C_color_13_0045.png,n
6666,n/C_color_13_0046.png,n
6667,n/C_color_13_0047.png,n
6668,n/C_color_13_0048.png,n
6669,n/C_color_13_0049.png,n
6670,n/C_color_13_0050.png,n
6671,n/C_color_13_0051.png,n
6672,n/C_color_13_0052.png,n
6673,n/C_color_13_0053.png,n
6674,n/C_color_13_0054.png,n
6675,n/C_color_13_0055.png,n
6676,n/C_color_13_0056.png,n
6677,n/C_color_13_0057.png,n
6678,n/C_color_13_0058.png,n
6679,n/C_color_13_0059.png,n
6680,n/C_color_13_0060.png,n
6681,n/C_color_13_0061.png,n
6682,n/C_color_13_0062.png,n
6683,n/C_color_13_0063.png,n
6684,n/C_color_13_0064.png,n
6685,n/C_color_13_0065.png,n
6686,n/C_color_13_0066.png,n
6687,n/C_color_13_0067.png,n
6688,n/C_color_13_0068.png,n
6689,n/C_color_13_0069.png,n
6690,n/C_color_13_0070.png,n
6691,n/C_color_13_0071.png,n
6692,n/C_color_13_0072.png,n
6693,n/C_color_13_0073.png,n
6694,n/C_color_13_0074.png,n
6695,n/C_color_13_0075.png,n
6696,n/C_color_13_0076.png,n
6697,n/C_color_13_0077.png,n
6698,n/C_color_13_0078.png,n
6699,n/C_color_13_0079.png,n
6700,n/C_color_13_0080.png,n
6701,n/C_color_13_0081.png,n
6702,n/C_color_13_0082.png,n
6703,n/C_color_13_0083.png,n
6704,n/C_color_13_0084.png,n
6705,n/C_color_13_0085.png,n
6706,n/C_color_13_0086.png,n
6707,n/C_color_13_0087.png,n
6708,n/C_color_13_0088.png,n
6709,n/C_color_13_0089.png,n
6710,n/C_color_13_0090.png,n
6711,n/C_color_13_0091.png,n
6712,n/C_color_13_0092.png,n
6713,n/C_color_13_0093.png,n
6714,n/C_color_13_0094.png,n
6715,n/C_color_13_0095.png,n
6716,n/C_color_13_0096.png,n
6717,n/C_color_13_0097.png,n
6718,n/C_color_13_0098.png,n
6719,n/C_color_13_0099.png,n
6720,n/C_color_13_0100.png,n
6721,n/C_color_13_0101.png,n
6722,n/C_color_13_0102.png,n
6723,n/C_color_13_0103.png,n
6724,n/C_color_13_0104.png,n
6725,n/C_color_13_0105.png,n
6726,n/C_color_13_0106.png,n
6727,n/C_color_13_0107.png,n
6728,n/C_color_13_0108.png,n
6729,n/C_color_13_0109.png,n
6730,n/C_color_13_0110.png,n
6731,n/C_color_13_0111.png,n
6732,n/C_color_13_0112.png,n
6733,n/C_color_13_0113.png,n
6734,n/C_color_13_0114.png,n
6735,n/C_color_13_0115.png,n
6736,n/C_color_13_0116.png,n
6737,n/C_color_13_0117.png,n
6738,n/C_color_13_0118.png,n
6739,n/C_color_13_0119.png,n
6740,n/C_color_13_0120.png,n
6741,n/C_color_13_0121.png,n
6742,n/C_color_13_0122.png,n
6743,n/C_color_13_0123.png,n
6744,n/C_color_13_0124.png,n
6745,n/C_color_13_0125.png,n
6746,n/C_color_13_0126.png,n
6747,n/C_color_13_0127.png,t
6748,n/C_color_13_0128.png,t
6749,n/C_color_13_0129.png,n
6750,n/C_color_13_0130.png,n
6751,n/C_color_13_0131.png,n
6752,n/C_color_13_0132.png,n
6753,n/C_color_13_0133.png,n
6754,n/C_color_13_0134.png,n
6755,n/C_color_13_0135.png,n
6756,n/C_color_13_0136.png,n
6757,n/C_color_13_0137.png,n
6758,n/C_color_13_0138.png,n
6759,n/C_color_13_0139.png,n
6760,n/C_color_13_0140.png,n
6761,n/C_color_13_0141.png,n
6762,n/C_color_13_0142.png,n
6763,n/C_color_13_0143.png,n
6764,n/C_color_13_0144.png,n
6765,n/C_color_13_0145.png,n
6766,n/C_color_13_0146.png,n
6767,n/C_color_13_0147.png,n
6768,n/C_color_13_0148.png,n
6769,n/C_color_13_0149.png,n
6770,n/C_color_13_0150.png,n
6771,n/C_color_13_0151.png,n
6772,n/C_color_13_0152.png,n
6773,n/C_color_13_0153.png,n
6774,n/C_color_13_0154.png,n
6775,n/C_color_13_0155.png,n
6776,n/C_color_13_0156.png,n
6777,n/C_color_13_0157.png,n
6778,n/C_color_13_0158.png,n
6779,n/C_color_13_0159.png,n
6780,n/C_color_13_0160.png,n
6781,n/C_color_13_0161.png,n
6782,n/C_color_13_0162.png,n
6783,n/C_color_13_0163.png,n
6784,n/C_color_13_0164.png,n
6785,n/C_color_13_0165.png,n
6786,n/C_color_13_0166.png,n
6787,n/C_color_13_0167.png,n
6788,n/C_color_13_0168.png,n
6789,n/C_color_13_0169.png,n
6790,n/C_color_13_0170.png,n
6791,n/C_color_13_0171.png,n
6792,n/C_color_13_0172.png,n
6793,n/C_color_13_0173.png,n
6794,n/C_color_13_0174.png,n
6795,n/C_color_13_0175.png,n
6796,n/C_color_13_0176.png,n
6797,n/C_color_13_0177.png,n
6798,n/C_color_13_0178.png,n
6799,n/C_color_13_0179.png,n
6800,n/C_color_13_0180.png,n
6801,n/C_color_13_0181.png,n
6802,n/C_color_13_0182.png,n
6803,n/C_color_13_0183.png,n
6804,n/C_color_13_0184.png,n
6805,n/C_color_13_0185.png,n
6806,n/C_color_13_0186.png,n
6807,n/C_color_13_0187.png,n
6808,n/C_color_13_0188.png,n
6809,n/C_color_13_0189.png,n
6810,n/C_color_13_0190.png,n
6811,n/C_color_13_0191.png,n
6812,n/C_color_13_0192.png,n
6813,n/C_color_13_0193.png,n
6814,n/C_color_13_0194.png,n
6815,n/C_color_13_0195.png,n
6816,n/C_color_13_0196.png,n
6817,n/C_color_13_0197.png,n
6818,n/C_color_13_0198.png,n
6819,n/C_color_13_0199.png,n
6820,n/C_color_13_0200.png,n
6821,n/C_color_13_0201.png,n
6822,n/C_color_13_0202.png,n
6823,n/C_color_13_0203.png,n
6824,n/C_color_13_0204.png,n
6825,n/C_color_13_0205.png,n
6826,n/C_color_13_0206.png,n
6827,n/C_color_13_0207.png,n
6828,n/C_color_13_0208.png,n
6829,n/C_color_13_0209.png,n
6830,n/C_color_13_0210.png,n
6831,n/C_color_13_0211.png,n
6832,n/C_color_13_0212.png,n
6833,n/C_color_13_0213.png,n
6834,n/C_color_13_0214.png,n
6835,n/C_color_13_0215.png,n
6836,n/C_color_13_0216.png,n
6837,n/C_color_13_0217.png,n
6838,n/C_color_13_0218.png,n
6839,n/C_color_13_0219.png,n
6840,n/C_color_13_0220.png,n
6841,n/C_color_13_0221.png,n
6842,n/C_color_13_0222.png,n
6843,n/C_color_13_0223.png,n
6844,n/C_color_13_0224.png,n
6845,n/C_color_13_0225.png,n
6846,n/C_color_13_0226.png,n
6847,n/C_color_13_0227.png,n
6848,n/C_color_13_0228.png,n
6849,n/C_color_13_0229.png,n
6850,n/C_color_13_0230.png,n
6851,n/C_color_13_0231.png,n
6852,n/C_color_13_0232.png,n
6853,n/C_color_13_0233.png,n
6854,n/C_color_13_0234.png,n
6855,n/C_color_13_0235.png,n
6856,n/C_color_13_0236.png,n
6857,n/C_color_13_0237.png,n
6858,n/C_color_13_0238.png,n
6859,n/C_color_13_0239.png,n
6860,n/C_color_13_0240.png,n
6861,n/C_color_13_0241.png,n
6862,n/C_color_13_0242.png,n
6863,n/C_color_13_0243.png,n
6864,n/C_color_13_0244.png,n
6865,n/C_color_13_0245.png,n
6866,n/C_color_13_0246.png,n
6867,n/C_color_13_0247.png,n
6868,n/C_color_13_0248.png,n
6869,n/C_color_13_0249.png,n
6870,n/C_color_13_0250.png,n
6871,n/C_color_13_0251.png,n
6872,n/C_color_13_0252.png,n
6873,n/C_color_13_0253.png,n
6874,n/C_color_13_0254.png,n
6875,n/C_color_13_0255.png,n
6876,n/C_color_13_0256.png,n
6877,n/C_color_13_0257.png,n
6878,n/C_color_13_0258.png,n
6879,n/C_color_13_0259.png,n
6880,n/C_color_13_0260.png,n
6881,n/C_color_13_0261.png,n
6882,n/C_color_13_0262.png,n
6883,n/C_color_13_0263.png,n
6884,n/C_color_13_0264.png,n
6885,n/C_color_13_0265.png,n
6886,n/C_color_13_0266.png,n
6887,n/C_color_13_0267.png,n
6888,n/C_color_13_0268.png,n
6889,n/C_color_13_0269.png,n
6890,n/C_color_13_0270.png,n
6891,n/C_color_13_0271.png,n
6892,n/C_color_13_0272.png,n
6893,n/C_color_13_0273.png,n
6894,n/C_color_13_0274.png,n
6895,n/C_color_13_0275.png,n
6896,n/C_color_13_0276.png,n
6897,n/C_color_13_0277.png,n
6898,n/C_color_13_0278.png,n
6899,n/C_color_13_0279.png,n
6900,n/C_color_13_0280.png,n
6901,n/C_color_13_0281.png,n
6902,n/C_color_13_0282.png,n
6903,n/C_color_13_0283.png,n
6904,n/C_color_13_0284.png,n
6905,n/C_color_13_0285.png,n
6906,n/C_color_13_0286.png,n
6907,n/C_color_13_0287.png,n
6908,n/C_color_13_0288.png,n
6909,n/C_color_13_0289.png,n
6910,n/C_color_13_0290.png,n
6911,n/C_color_13_0291.png,n
6912,n/C_color_13_0292.png,n
6913,n/C_color_13_0293.png,n
6914,n/C_color_13_0294.png,n
6915,n/C_color_13_0295.png,n
6916,n/C_color_13_0296.png,n
6917,n/C_color_13_0297.png,n
6918,n/C_color_13_0298.png,n
6919,n/C_color_13_0299.png,n
6920,n/C_color_13_0300.png,n
6921,n/C_color_13_0301.png,n
6922,n/C_color_13_0302.png,n
6923,n/C_color_13_0303.png,n
6924,n/C_color_13_0304.png,n
6925,n/C_color_13_0305.png,n
6926,n/C_color_13_0306.png,n
6927,n/C_color_13_0307.png,n
6928,n/C_color_13_0308.png,n
6929,n/C_color_13_0309.png,n
6930,n/C_color_13_0310.png,n
6931,n/C_color_13_0311.png,n
6932,n/C_color_13_0312.png,n
6933,n/C_color_13_0313.png,n
6934,n/C_color_13_0314.png,n
6935,n/C_color_13_0315.png,n
6936,n/C_color_13_0316.png,n
6937,n/C_color_13_0317.png,n
6938,n/C_color_13_0318.png,n
6939,n/C_color_13_0319.png,n
6940,n/C_color_13_0320.png,n
6941,n/C_color_13_0321.png,n
6942,n/C_color_13_0322.png,n
6943,n/C_color_13_0323.png,n
6944,n/C_color_13_0324.png,n
6945,n/C_color_13_0325.png,n
6946,n/C_color_13_0326.png,n
6947,n/C_color_13_0327.png,n
6948,n/C_color_13_0328.png,n
6949,n/C_color_13_0329.png,n
6950,n/C_color_13_0330.png,n
6951,n/C_color_13_0331.png,n
6952,n/C_color_13_0332.png,n
6953,n/C_color_13_0333.png,n
6954,n/C_color_13_0334.png,n
6955,n/C_color_13_0335.png,n
6956,n/C_color_13_0336.png,n
6957,n/C_color_13_0337.png,n
6958,n/C_color_13_0338.png,n
6959,n/C_color_13_0339.png,n
6960,n/C_color_13_0340.png,n
6961,n/C_color_13_0341.png,n
6962,n/C_color_13_0342.png,n
6963,n/C_color_13_0343.png,n
6964,n/C_color_13_0344.png,n
6965,n/C_color_13_0345.png,n
6966,n/C_color_13_0346.png,n
6967,n/C_color_13_0347.png,n
6968,n/C_color_13_0348.png,n
6969,n/C_color_13_0349.png,n
6970,n/C_color_13_0350.png,n
6971,n/C_color_13_0351.png,n
6972,n/C_color_13_0352.png,n
6973,n/C_color_13_0353.png,n
6974,n/C_color_13_0354.png,n
6975,n/C_color_13_0355.png,n
6976,n/C_color_13_0356.png,n
6977,n/C_color_13_0357.png,n
6978,n/C_color_13_0358.png,n
6979,n/C_color_13_0359.png,n
6980,n/C_color_13_0360.png,n
6981,n/C_color_13_0361.png,n
6982,n/C_color_13_0362.png,n
6983,n/C_color_13_0363.png,n
6984,n/C_color_13_0364.png,n
6985,n/C_color_13_0365.png,n
6986,n/C_color_13_0366.png,n
6987,n/C_color_13_0367.png,n
6988,n/C_color_13_0368.png,n
6989,n/C_color_13_0369.png,n
6990,n/C_color_13_0370.png,n
6991,n/C_color_13_0371.png,n
6992,n/C_color_13_0372.png,n
6993,n/C_color_13_0373.png,n
6994,n/C_color_13_0374.png,n
6995,n/C_color_13_0375.png,n
6996,n/C_color_13_0376.png,n
6997,n/C_color_13_0377.png,n
6998,n/C_color_13_0378.png,n
6999,n/C_color_13_0379.png,n
7000,n/C_color_13_0380.png,n
7001,n/C_color_13_0381.png,n
7002,n/C_color_13_0382.png,n
7003,n/C_color_13_0383.png,n
7004,n/C_color_13_0384.png,n
7005,n/C_color_13_0385.png,n
7006,n/C_color_13_0386.png,n
7007,n/C_color_13_0387.png,n
7008,n/C_color_13_0388.png,n
7009,n/C_color_13_0389.png,n
7010,n/C_color_13_0390.png,n
7011,n/C_color_13_0391.png,n
7012,n/C_color_13_0392.png,n
7013,n/C_color_13_0393.png,n
7014,n/C_color_13_0394.png,n
7015,n/C_color_13_0395.png,n
7016,n/C_color_13_0396.png,n
7017,n/C_color_13_0397.png,n
7018,n/C_color_13_0398.png,n
7019,n/C_color_13_0399.png,n
7020,n/C_color_13_0400.png,n
7021,n/C_color_13_0401.png,n
7022,n/C_color_13_0402.png,n
7023,n/C_color_13_0403.png,n
7024,n/C_color_13_0404.png,n
7025,n/C_color_13_0405.png,n
7026,n/C_color_13_0406.png,n
7027,n/C_color_13_0407.png,n
7028,n/C_color_13_0408.png,n
7029,n/C_color_13_0409.png,n
7030,n/C_color_13_0410.png,n
7031,n/C_color_13_0411.png,n
7032,n/C_color_13_0412.png,n
7033,n/C_color_13_0413.png,n
7034,n/C_color_13_0414.png,n
7035,n/C_color_13_0415.png,n
7036,n/C_color_13_0416.png,n
7037,n/C_color_13_0417.png,n
7038,n/C_color_13_0418.png,n
7039,n/C_color_13_0419.png,n
7040,n/C_color_13_0420.png,n
7041,n/C_color_13_0421.png,n
7042,n/C_color_13_0422.png,n
7043,n/C_color_13_0423.png,n
7044,n/C_color_13_0424.png,n
7045,n/C_color_13_0425.png,n
7046,n/C_color_13_0426.png,n
7047,n/C_color_13_0427.png,n
7048,n/C_color_13_0428.png,n
7049,n/C_color_13_0429.png,n
7050,n/C_color_13_0430.png,n
7051,n/C_color_13_0431.png,n
7052,n/C_color_13_0432.png,n
7053,n/C_color_13_0433.png,n
7054,n/C_color_13_0434.png,n
7055,n/C_color_13_0435.png,n
7056,n/C_color_13_0436.png,n
7057,n/C_color_13_0437.png,n
7058,n/C_color_13_0438.png,n
7059,n/C_color_13_0439.png,n
7060,n/C_color_13_0440.png,n
7061,n/C_color_13_0441.png,n
7062,n/C_color_13_0442.png,n
7063,n/C_color_13_0443.png,n
7064,n/C_color_13_0444.png,n
7065,n/C_color_13_0445.png,n
7066,n/C_color_13_0446.png,n
7067,n/C_color_13_0447.png,n
7068,n/C_color_13_0448.png,n
7069,n/C_color_13_0449.png,n
7070,n/C_color_13_0450.png,n
7071,n/C_color_13_0451.png,n
7072,n/C_color_13_0452.png,n
7073,n/C_color_13_0453.png,n
7074,n/C_color_13_0454.png,n
7075,n/C_color_13_0455.png,n
7076,n/C_color_13_0456.png,n
7077,n/C_color_13_0457.png,n
7078,n/C_color_13_0458.png,n
7079,n/C_color_13_0459.png,n
7080,n/C_color_13_0460.png,n
7081,n/C_color_13_0461.png,n
7082,n/C_color_13_0462.png,n
7083,n/C_color_13_0463.png,n
7084,n/C_color_13_0464.png,n
7085,n/C_color_13_0465.png,n
7086,n/C_color_13_0466.png,n
7087,n/C_color_13_0467.png,n
7088,n/C_color_13_0468.png,n
7089,n/C_color_13_0469.png,n
7090,n/C_color_13_0470.png,n
7091,n/C_color_13_0471.png,n
7092,n/C_color_13_0472.png,n
7093,n/C_color_13_0473.png,n
7094,n/C_color_13_0474.png,n
7095,n/C_color_13_0475.png,n
7096,n/C_color_13_0476.png,n
7097,n/C_color_13_0477.png,n
7098,n/C_color_13_0478.png,n
7099,n/C_color_13_0479.png,n
7100,n/C_color_13_0480.png,n
7101,n/C_color_13_0481.png,n
7102,n/C_color_13_0482.png,n
7103,n/C_color_13_0483.png,n
7104,n/C_color_13_0484.png,n
7105,n/C_color_13_0485.png,n
7106,n/C_color_13_0486.png,n
7107,n/C_color_13_0487.png,n
7108,n/C_color_13_0488.png,n
7109,n/C_color_13_0489.png,n
7110,n/C_color_13_0490.png,n
7111,n/C_color_13_0491.png,n
7112,n/C_color_13_0492.png,n
7113,n/C_color_13_0493.png,n
7114,n/C_color_13_0494.png,n
7115,n/C_color_13_0495.png,n
7116,n/C_color_13_0496.png,n
7117,n/C_color_13_0497.png,n
7118,n/C_color_13_0498.png,n
7119,n/C_color_13_0499.png,n
7120,n/C_color_13_0500.png,n
7121,n/C_color_13_0501.png,n
7122,n/C_color_13_0502.png,n
7123,n/C_color_13_0503.png,n
7124,n/C_color_13_0504.png,n
7125,n/C_color_13_0505.png,n
7126,n/C_color_13_0506.png,n
7127,n/C_color_13_0507.png,n
7128,n/C_color_13_0508.png,n
7129,n/C_color_13_0509.png,n
7130,n/C_color_13_0510.png,n
7131,n/C_color_13_0511.png,n
7132,n/C_color_13_0512.png,n
7133,n/C_color_13_0513.png,n
7134,n/C_color_13_0514.png,n
7135,n/C_color_13_0515.png,n
7136,n/C_color_13_0516.png,n
7137,n/C_color_13_0517.png,n
7138,n/C_color_13_0518.png,n
7139,n/C_color_13_0519.png,n
7140,n/C_color_13_0520.png,n
7141,n/C_color_13_0521.png,n
7142,n/C_color_13_0522.png,n
7143,n/C_color_13_0523.png,n
7144,n/C_color_13_0524.png,n
7145,n/C_color_13_0525.png,n
7146,n/C_color_13_0526.png,n
7147,n/C_color_13_0527.png,n
7148,n/C_color_13_0528.png,n
7149,n/C_color_13_0529.png,n
7150,n/C_color_13_0530.png,n
7151,n/C_color_13_0531.png,n
7152,n/C_color_13_0532.png,n
7153,n/C_color_13_0533.png,n
7154,n/C_color_13_0534.png,n
7155,n/C_color_13_0535.png,n
7156,n/C_color_13_0536.png,n
7157,n/C_color_13_0537.png,n
7158,n/C_color_13_0538.png,n
7159,n/C_color_13_0539.png,n
7160,n/C_color_13_0540.png,n
7161,n/C_color_13_0541.png,n
7162,n/C_color_13_0542.png,n
7163,n/C_color_13_0543.png,n
7164,n/C_color_13_0544.png,n
7165,n/C_color_13_0545.png,n
7166,n/C_color_13_0546.png,n
7167,n/C_color_13_0547.png,n
7168,n/C_color_13_0548.png,n
7169,n/C_color_13_0549.png,n
7170,n/C_color_13_0550.png,n
7171,n/C_color_13_0551.png,n
7172,n/C_color_13_0552.png,n
7173,n/C_color_13_0553.png,n
7174,n/C_color_13_0554.png,n
7175,n/C_color_13_0555.png,n
7176,n/C_color_13_0556.png,n
7177,n/C_color_13_0557.png,n
7178,n/C_color_13_0558.png,n
7179,n/C_color_13_0559.png,n
7180,n/C_color_13_0560.png,n
7181,n/C_color_13_0561.png,n
7182,n/C_color_13_0562.png,n
7183,n/C_color_13_0563.png,n
7184,n/C_color_13_0564.png,n
7185,o/C_color_14_0002.png,d
7186,o/C_color_14_0003.png,o
7187,o/C_color_14_0004.png,o
7188,o/C_color_14_0005.png,o
7189,o/C_color_14_0006.png,o
7190,o/C_color_14_0007.png,o
7191,o/C_color_14_0008.png,o
7192,o/C_color_14_0009.png,o
7193,o/C_color_14_0010.png,o
7194,o/C_color_14_0011.png,o
7195,o/C_color_14_0012.png,d
7196,o/C_color_14_0013.png,d
7197,o/C_color_14_0014.png,d
7198,o/C_color_14_0015.png,d
7199,o/C_color_14_0016.png,d
7200,o/C_color_14_0017.png,o
7201,o/C_color_14_0018.png,d
7202,o/C_color_14_0019.png,o
7203,o/C_color_14_0020.png,o
7204,o/C_color_14_0021.png,o
7205,o/C_color_14_0022.png,o
7206,o/C_color_14_0023.png,o
7207,o/C_color_14_0024.png,o
7208,o/C_color_14_0025.png,o
7209,o/C_color_14_0026.png,o
7210,o/C_color_14_0027.png,o
7211,o/C_color_14_0028.png,o
7212,o/C_color_14_0029.png,o
7213,o/C_color_14_0030.png,o
7214,o/C_color_14_0031.png,o
7215,o/C_color_14_0032.png,o
7216,o/C_color_14_0033.png,o
7217,o/C_color_14_0034.png,o
7218,o/C_color_14_0035.png,o
7219,o/C_color_14_0036.png,o
7220,o/C_color_14_0037.png,o
7221,o/C_color_14_0038.png,o
7222,o/C_color_14_0039.png,o
7223,o/C_color_14_0040.png,o
7224,o/C_color_14_0041.png,o
7225,o/C_color_14_0042.png,o
7226,o/C_color_14_0043.png,o
7227,o/C_color_14_0044.png,o
7228,o/C_color_14_0045.png,o
7229,o/C_color_14_0046.png,o
7230,o/C_color_14_0047.png,o
7231,o/C_color_14_0048.png,o
7232,o/C_color_14_0049.png,o
7233,o/C_color_14_0050.png,o
7234,o/C_color_14_0051.png,o
7235,o/C_color_14_0052.png,o
7236,o/C_color_14_0053.png,o
7237,o/C_color_14_0054.png,o
7238,o/C_color_14_0055.png,o
7239,o/C_color_14_0056.png,o
7240,o/C_color_14_0057.png,o
7241,o/C_color_14_0058.png,o
7242,o/C_color_14_0059.png,o
7243,o/C_color_14_0060.png,o
7244,o/C_color_14_0061.png,o
7245,o/C_color_14_0062.png,o
7246,o/C_color_14_0063.png,o
7247,o/C_color_14_0064.png,o
7248,o/C_color_14_0065.png,o
7249,o/C_color_14_0066.png,o
7250,o/C_color_14_0067.png,o
7251,o/C_color_14_0068.png,o
7252,o/C_color_14_0069.png,o
7253,o/C_color_14_0070.png,o
7254,o/C_color_14_0071.png,o
7255,o/C_color_14_0072.png,o
7256,o/C_color_14_0073.png,o
7257,o/C_color_14_0074.png,o
7258,o/C_color_14_0075.png,o
7259,o/C_color_14_0076.png,o
7260,o/C_color_14_0077.png,o
7261,o/C_color_14_0078.png,o
7262,o/C_color_14_0079.png,o
7263,o/C_color_14_0080.png,o
7264,o/C_color_14_0081.png,o
7265,o/C_color_14_0082.png,o
7266,o/C_color_14_0083.png,o
7267,o/C_color_14_0084.png,o
7268,o/C_color_14_0085.png,o
7269,o/C_color_14_0086.png,o
7270,o/C_color_14_0087.png,o
7271,o/C_color_14_0088.png,o
7272,o/C_color_14_0089.png,o
7273,o/C_color_14_0090.png,o
7274,o/C_color_14_0091.png,o
7275,o/C_color_14_0092.png,o
7276,o/C_color_14_0093.png,o
7277,o/C_color_14_0094.png,o
7278,o/C_color_14_0095.png,o
7279,o/C_color_14_0096.png,o
7280,o/C_color_14_0097.png,o
7281,o/C_color_14_0098.png,o
7282,o/C_color_14_0099.png,o
7283,o/C_color_14_0100.png,o
7284,o/C_color_14_0101.png,o
7285,o/C_color_14_0102.png,o
7286,o/C_color_14_0103.png,o
7287,o/C_color_14_0104.png,d
7288,o/C_color_14_0105.png,d
7289,o/C_color_14_0106.png,d
7290,o/C_color_14_0107.png,o
7291,o/C_color_14_0108.png,o
7292,o/C_color_14_0109.png,o
7293,o/C_color_14_0110.png,o
7294,o/C_color_14_0111.png,o
7295,o/C_color_14_0112.png,o
7296,o/C_color_14_0113.png,o
7297,o/C_color_14_0114.png,d
7298,o/C_color_14_0115.png,o
7299,o/C_color_14_0116.png,o
7300,o/C_color_14_0117.png,o
7301,o/C_color_14_0118.png,o
7302,o/C_color_14_0119.png,o
7303,o/C_color_14_0120.png,o
7304,o/C_color_14_0121.png,o
7305,o/C_color_14_0122.png,o
7306,o/C_color_14_0123.png,o
7307,o/C_color_14_0124.png,o
7308,o/C_color_14_0125.png,o
7309,o/C_color_14_0126.png,o
7310,o/C_color_14_0127.png,o
7311,o/C_color_14_0128.png,o
7312,o/C_color_14_0129.png,o
7313,o/C_color_14_0130.png,o
7314,o/C_color_14_0131.png,o
7315,o/C_color_14_0132.png,o
7316,o/C_color_14_0133.png,o
7317,o/C_color_14_0134.png,o
7318,o/C_color_14_0135.png,o
7319,o/C_color_14_0136.png,o
7320,o/C_color_14_0137.png,o
7321,o/C_color_14_0138.png,o
7322,o/C_color_14_0139.png,o
7323,o/C_color_14_0140.png,o
7324,o/C_color_14_0141.png,o
7325,o/C_color_14_0142.png,o
7326,o/C_color_14_0143.png,o
7327,o/C_color_14_0144.png,o
7328,o/C_color_14_0145.png,o
7329,o/C_color_14_0146.png,o
7330,o/C_color_14_0147.png,o
7331,o/C_color_14_0148.png,o
7332,o/C_color_14_0149.png,o
7333,o/C_color_14_0150.png,o
7334,o/C_color_14_0151.png,o
7335,o/C_color_14_0152.png,o
7336,o/C_color_14_0153.png,o
7337,o/C_color_14_0154.png,o
7338,o/C_color_14_0155.png,o
7339,o/C_color_14_0156.png,o
7340,o/C_color_14_0157.png,o
7341,o/C_color_14_0158.png,o
7342,o/C_color_14_0159.png,o
7343,o/C_color_14_0160.png,o
7344,o/C_color_14_0161.png,o
7345,o/C_color_14_0162.png,o
7346,o/C_color_14_0163.png,o
7347,o/C_color_14_0164.png,o
7348,o/C_color_14_0165.png,o
7349,o/C_color_14_0166.png,d
7350,o/C_color_14_0167.png,o
7351,o/C_color_14_0168.png,o
7352,o/C_color_14_0169.png,o
7353,o/C_color_14_0170.png,o
7354,o/C_color_14_0171.png,o
7355,o/C_color_14_0172.png,o
7356,o/C_color_14_0173.png,o
7357,o/C_color_14_0174.png,o
7358,o/C_color_14_0175.png,o
7359,o/C_color_14_0176.png,o
7360,o/C_color_14_0177.png,o
7361,o/C_color_14_0178.png,o
7362,o/C_color_14_0179.png,o
7363,o/C_color_14_0180.png,o
7364,o/C_color_14_0181.png,o
7365,o/C_color_14_0182.png,o
7366,o/C_color_14_0183.png,o
7367,o/C_color_14_0184.png,o
7368,o/C_color_14_0185.png,o
7369,o/C_color_14_0186.png,o
7370,o/C_color_14_0187.png,o
7371,o/C_color_14_0188.png,o
7372,o/C_color_14_0189.png,o
7373,o/C_color_14_0190.png,o
7374,o/C_color_14_0191.png,o
7375,o/C_color_14_0192.png,o
7376,o/C_color_14_0193.png,o
7377,o/C_color_14_0194.png,o
7378,o/C_color_14_0195.png,o
7379,o/C_color_14_0196.png,o
7380,o/C_color_14_0197.png,o
7381,o/C_color_14_0198.png,o
7382,o/C_color_14_0199.png,o
7383,o/C_color_14_0200.png,o
7384,o/C_color_14_0201.png,o
7385,o/C_color_14_0202.png,o
7386,o/C_color_14_0203.png,o
7387,o/C_color_14_0204.png,o
7388,o/C_color_14_0205.png,o
7389,o/C_color_14_0206.png,o
7390,o/C_color_14_0207.png,o
7391,o/C_color_14_0208.png,o
7392,o/C_color_14_0209.png,o
7393,o/C_color_14_0210.png,o
7394,o/C_color_14_0211.png,o
7395,o/C_color_14_0212.png,o
7396,o/C_color_14_0213.png,o
7397,o/C_color_14_0214.png,d
7398,o/C_color_14_0215.png,o
7399,o/C_color_14_0216.png,o
7400,o/C_color_14_0217.png,d
7401,o/C_color_14_0218.png,o
7402,o/C_color_14_0219.png,o
7403,o/C_color_14_0220.png,o
7404,o/C_color_14_0221.png,o
7405,o/C_color_14_0222.png,o
7406,o/C_color_14_0223.png,d
7407,o/C_color_14_0224.png,d
7408,o/C_color_14_0225.png,d
7409,o/C_color_14_0226.png,o
7410,o/C_color_14_0227.png,d
7411,o/C_color_14_0228.png,d
7412,o/C_color_14_0229.png,d
7413,o/C_color_14_0230.png,o
7414,o/C_color_14_0231.png,d
7415,o/C_color_14_0232.png,o
7416,o/C_color_14_0233.png,o
7417,o/C_color_14_0234.png,o
7418,o/C_color_14_0235.png,o
7419,o/C_color_14_0236.png,o
7420,o/C_color_14_0237.png,o
7421,o/C_color_14_0238.png,o
7422,o/C_color_14_0239.png,o
7423,o/C_color_14_0240.png,o
7424,o/C_color_14_0241.png,o
7425,o/C_color_14_0242.png,o
7426,o/C_color_14_0243.png,d
7427,o/C_color_14_0244.png,d
7428,o/C_color_14_0245.png,d
7429,o/C_color_14_0246.png,d
7430,o/C_color_14_0247.png,d
7431,o/C_color_14_0248.png,d
7432,o/C_color_14_0249.png,d
7433,o/C_color_14_0250.png,d
7434,o/C_color_14_0251.png,d
7435,o/C_color_14_0252.png,d
7436,o/C_color_14_0253.png,o
7437,o/C_color_14_0254.png,d
7438,o/C_color_14_0255.png,d
7439,o/C_color_14_0256.png,d
7440,o/C_color_14_0257.png,d
7441,o/C_color_14_0258.png,d
7442,o/C_color_14_0259.png,d
7443,o/C_color_14_0260.png,d
7444,o/C_color_14_0261.png,o
7445,o/C_color_14_0262.png,o
7446,o/C_color_14_0263.png,o
7447,o/C_color_14_0264.png,o
7448,o/C_color_14_0265.png,o
7449,o/C_color_14_0266.png,o
7450,o/C_color_14_0267.png,o
7451,o/C_color_14_0268.png,o
7452,o/C_color_14_0269.png,o
7453,o/C_color_14_0270.png,o
7454,o/C_color_14_0271.png,o
7455,o/C_color_14_0272.png,o
7456,o/C_color_14_0273.png,o
7457,o/C_color_14_0274.png,o
7458,o/C_color_14_0275.png,o
7459,o/C_color_14_0276.png,o
7460,o/C_color_14_0277.png,o
7461,o/C_color_14_0278.png,o
7462,o/C_color_14_0279.png,o
7463,o/C_color_14_0280.png,o
7464,o/C_color_14_0281.png,o
7465,o/C_color_14_0282.png,o
7466,o/C_color_14_0283.png,o
7467,o/C_color_14_0284.png,o
7468,o/C_color_14_0285.png,o
7469,o/C_color_14_0286.png,o
7470,o/C_color_14_0287.png,o
7471,o/C_color_14_0288.png,o
7472,o/C_color_14_0289.png,o
7473,o/C_color_14_0290.png,o
7474,o/C_color_14_0291.png,o
7475,o/C_color_14_0292.png,o
7476,o/C_color_14_0293.png,o
7477,o/C_color_14_0294.png,o
7478,o/C_color_14_0295.png,o
7479,o/C_color_14_0296.png,o
7480,o/C_color_14_0297.png,o
7481,o/C_color_14_0298.png,o
7482,o/C_color_14_0299.png,o
7483,o/C_color_14_0300.png,o
7484,o/C_color_14_0301.png,o
7485,o/C_color_14_0302.png,o
7486,o/C_color_14_0303.png,o
7487,o/C_color_14_0304.png,o
7488,o/C_color_14_0305.png,o
7489,o/C_color_14_0306.png,o
7490,o/C_color_14_0307.png,o
7491,o/C_color_14_0308.png,o
7492,o/C_color_14_0309.png,o
7493,o/C_color_14_0310.png,o
7494,o/C_color_14_0311.png,o
7495,o/C_color_14_0312.png,o
7496,o/C_color_14_0313.png,o
7497,o/C_color_14_0314.png,o
7498,o/C_color_14_0315.png,o
7499,o/C_color_14_0316.png,o
7500,o/C_color_14_0317.png,o
7501,o/C_color_14_0318.png,o
7502,o/C_color_14_0319.png,o
7503,o/C_color_14_0320.png,o
7504,o/C_color_14_0321.png,o
7505,o/C_color_14_0322.png,o
7506,o/C_color_14_0323.png,o
7507,o/C_color_14_0324.png,o
7508,o/C_color_14_0325.png,o
7509,o/C_color_14_0326.png,o
7510,o/C_color_14_0327.png,o
7511,o/C_color_14_0328.png,o
7512,o/C_color_14_0329.png,o
7513,o/C_color_14_0330.png,o
7514,o/C_color_14_0331.png,o
7515,o/C_color_14_0332.png,o
7516,o/C_color_14_0333.png,o
7517,o/C_color_14_0334.png,o
7518,o/C_color_14_0335.png,o
7519,o/C_color_14_0336.png,o
7520,o/C_color_14_0337.png,o
7521,o/C_color_14_0338.png,o
7522,o/C_color_14_0339.png,o
7523,o/C_color_14_0340.png,o
7524,o/C_color_14_0341.png,o
7525,o/C_color_14_0342.png,o
7526,o/C_color_14_0343.png,o
7527,o/C_color_14_0344.png,o
7528,o/C_color_14_0345.png,o
7529,o/C_color_14_0346.png,o
7530,o/C_color_14_0347.png,o
7531,o/C_color_14_0348.png,o
7532,o/C_color_14_0349.png,o
7533,o/C_color_14_0350.png,o
7534,o/C_color_14_0351.png,o
7535,o/C_color_14_0352.png,o
7536,o/C_color_14_0353.png,o
7537,o/C_color_14_0354.png,o
7538,o/C_color_14_0355.png,o
7539,o/C_color_14_0356.png,o
7540,o/C_color_14_0357.png,o
7541,o/C_color_14_0358.png,o
7542,o/C_color_14_0359.png,o
7543,o/C_color_14_0360.png,o
7544,o/C_color_14_0361.png,o
7545,o/C_color_14_0362.png,o
7546,o/C_color_14_0363.png,o
7547,o/C_color_14_0364.png,o
7548,o/C_color_14_0365.png,o
7549,o/C_color_14_0366.png,o
7550,o/C_color_14_0367.png,d
7551,o/C_color_14_0368.png,o
7552,o/C_color_14_0369.png,o
7553,o/C_color_14_0370.png,o
7554,o/C_color_14_0371.png,o
7555,o/C_color_14_0372.png,o
7556,o/C_color_14_0373.png,o
7557,o/C_color_14_0374.png,o
7558,o/C_color_14_0375.png,o
7559,o/C_color_14_0376.png,o
7560,o/C_color_14_0377.png,o
7561,o/C_color_14_0378.png,o
7562,o/C_color_14_0379.png,o
7563,o/C_color_14_0380.png,o
7564,o/C_color_14_0381.png,o
7565,o/C_color_14_0382.png,o
7566,o/C_color_14_0383.png,o
7567,o/C_color_14_0384.png,o
7568,o/C_color_14_0385.png,o
7569,o/C_color_14_0386.png,o
7570,o/C_color_14_0387.png,o
7571,o/C_color_14_0388.png,o
7572,o/C_color_14_0389.png,o
7573,o/C_color_14_0390.png,o
7574,o/C_color_14_0391.png,o
7575,o/C_color_14_0392.png,o
7576,o/C_color_14_0393.png,o
7577,o/C_color_14_0394.png,o
7578,o/C_color_14_0395.png,o
7579,o/C_color_14_0396.png,o
7580,o/C_color_14_0397.png,o
7581,o/C_color_14_0398.png,o
7582,o/C_color_14_0399.png,o
7583,o/C_color_14_0400.png,o
7584,o/C_color_14_0401.png,o
7585,o/C_color_14_0402.png,o
7586,o/C_color_14_0403.png,o
7587,o/C_color_14_0404.png,o
7588,o/C_color_14_0405.png,o
7589,o/C_color_14_0406.png,o
7590,o/C_color_14_0407.png,o
7591,o/C_color_14_0408.png,o
7592,o/C_color_14_0409.png,o
7593,o/C_color_14_0410.png,o
7594,o/C_color_14_0411.png,o
7595,o/C_color_14_0412.png,o
7596,o/C_color_14_0413.png,o
7597,o/C_color_14_0414.png,o
7598,o/C_color_14_0415.png,o
7599,o/C_color_14_0416.png,o
7600,o/C_color_14_0417.png,o
7601,o/C_color_14_0418.png,o
7602,o/C_color_14_0419.png,o
7603,o/C_color_14_0420.png,o
7604,o/C_color_14_0421.png,o
7605,o/C_color_14_0422.png,o
7606,o/C_color_14_0423.png,o
7607,o/C_color_14_0424.png,o
7608,o/C_color_14_0425.png,o
7609,o/C_color_14_0426.png,d
7610,o/C_color_14_0427.png,d
7611,o/C_color_14_0428.png,o
7612,o/C_color_14_0429.png,o
7613,o/C_color_14_0430.png,o
7614,o/C_color_14_0431.png,o
7615,o/C_color_14_0432.png,o
7616,o/C_color_14_0433.png,o
7617,o/C_color_14_0434.png,o
7618,o/C_color_14_0435.png,o
7619,o/C_color_14_0436.png,o
7620,o/C_color_14_0437.png,o
7621,o/C_color_14_0438.png,o
7622,o/C_color_14_0439.png,o
7623,o/C_color_14_0440.png,o
7624,o/C_color_14_0441.png,o
7625,o/C_color_14_0442.png,o
7626,o/C_color_14_0443.png,d
7627,o/C_color_14_0444.png,d
7628,o/C_color_14_0445.png,d
7629,o/C_color_14_0446.png,d
7630,o/C_color_14_0447.png,o
7631,o/C_color_14_0448.png,o
7632,o/C_color_14_0449.png,d
7633,o/C_color_14_0450.png,o
7634,o/C_color_14_0451.png,d
7635,o/C_color_14_0452.png,d
7636,o/C_color_14_0453.png,d
7637,o/C_color_14_0454.png,d
7638,o/C_color_14_0455.png,d
7639,o/C_color_14_0456.png,d
7640,o/C_color_14_0457.png,d
7641,o/C_color_14_0458.png,d
7642,o/C_color_14_0459.png,o
7643,o/C_color_14_0460.png,d
7644,o/C_color_14_0461.png,d
7645,o/C_color_14_0462.png,o
7646,o/C_color_14_0463.png,d
7647,o/C_color_14_0464.png,d
7648,o/C_color_14_0465.png,d
7649,o/C_color_14_0466.png,d
7650,o/C_color_14_0467.png,o
7651,o/C_color_14_0468.png,d
7652,o/C_color_14_0469.png,o
7653,o/C_color_14_0470.png,d
7654,o/C_color_14_0471.png,d
7655,o/C_color_14_0472.png,d
7656,o/C_color_14_0473.png,o
7657,o/C_color_14_0474.png,d
7658,o/C_color_14_0475.png,d
7659,o/C_color_14_0476.png,o
7660,o/C_color_14_0477.png,d
7661,o/C_color_14_0478.png,d
7662,o/C_color_14_0479.png,d
7663,o/C_color_14_0480.png,o
7664,o/C_color_14_0481.png,o
7665,o/C_color_14_0482.png,o
7666,o/C_color_14_0483.png,d
7667,o/C_color_14_0484.png,o
7668,o/C_color_14_0485.png,o
7669,o/C_color_14_0486.png,d
7670,o/C_color_14_0487.png,o
7671,o/C_color_14_0488.png,o
7672,o/C_color_14_0489.png,d
7673,o/C_color_14_0490.png,d
7674,o/C_color_14_0491.png,o
7675,o/C_color_14_0492.png,o
7676,o/C_color_14_0493.png,o
7677,o/C_color_14_0494.png,o
7678,o/C_color_14_0495.png,o
7679,o/C_color_14_0496.png,o
7680,o/C_color_14_0497.png,o
7681,o/C_color_14_0498.png,o
7682,o/C_color_14_0499.png,o
7683,o/C_color_14_0500.png,o
7684,o/C_color_14_0501.png,o
7685,o/C_color_14_0502.png,o
7686,o/C_color_14_0503.png,o
7687,o/C_color_14_0504.png,o
7688,o/C_color_14_0505.png,o
7689,o/C_color_14_0506.png,o
7690,o/C_color_14_0507.png,d
7691,o/C_color_14_0508.png,o
7692,o/C_color_14_0509.png,o
7693,o/C_color_14_0510.png,o
7694,o/C_color_14_0511.png,o
7695,o/C_color_14_0512.png,o
7696,o/C_color_14_0513.png,o
7697,o/C_color_14_0514.png,o
7698,o/C_color_14_0515.png,o
7699,o/C_color_14_0516.png,o
7700,o/C_color_14_0517.png,o
7701,o/C_color_14_0518.png,o
7702,o/C_color_14_0519.png,d
7703,o/C_color_14_0520.png,o
7704,o/C_color_14_0521.png,o
7705,o/C_color_14_0522.png,o
7706,o/C_color_14_0523.png,o
7707,o/C_color_14_0524.png,o
7708,o/C_color_14_0525.png,o
7709,o/C_color_14_0526.png,o
7710,o/C_color_14_0527.png,o
7711,o/C_color_14_0528.png,o
7712,o/C_color_14_0529.png,o
7713,o/C_color_14_0530.png,o
7714,o/C_color_14_0531.png,o
7715,o/C_color_14_0532.png,o
7716,o/C_color_14_0533.png,o
7717,o/C_color_14_0534.png,o
7718,o/C_color_14_0535.png,o
7719,o/C_color_14_0536.png,o
7720,o/C_color_14_0537.png,o
7721,o/C_color_14_0538.png,o
7722,o/C_color_14_0539.png,o
7723,o/C_color_14_0540.png,o
7724,o/C_color_14_0541.png,o
7725,o/C_color_14_0542.png,o
7726,o/C_color_14_0543.png,o
7727,o/C_color_14_0544.png,o
7728,o/C_color_14_0545.png,o
7729,o/C_color_14_0546.png,o
7730,o/C_color_14_0547.png,o
7731,o/C_color_14_0548.png,o
7732,p/C_color_15_0002.png,p
7733,p/C_color_15_0003.png,p
7734,p/C_color_15_0004.png,p
7735,p/C_color_15_0005.png,p
7736,p/C_color_15_0006.png,p
7737,p/C_color_15_0007.png,p
7738,p/C_color_15_0008.png,p
7739,p/C_color_15_0009.png,p
7740,p/C_color_15_0010.png,p
7741,p/C_color_15_0011.png,p
7742,p/C_color_15_0012.png,p
7743,p/C_color_15_0013.png,p
7744,p/C_color_15_0014.png,p
7745,p/C_color_15_0015.png,p
7746,p/C_color_15_0016.png,p
7747,p/C_color_15_0017.png,p
7748,p/C_color_15_0018.png,p
7749,p/C_color_15_0019.png,p
7750,p/C_color_15_0020.png,p
7751,p/C_color_15_0021.png,p
7752,p/C_color_15_0022.png,p
7753,p/C_color_15_0023.png,p
7754,p/C_color_15_0024.png,p
7755,p/C_color_15_0025.png,p
7756,p/C_color_15_0026.png,p
7757,p/C_color_15_0027.png,p
7758,p/C_color_15_0028.png,p
7759,p/C_color_15_0029.png,p
7760,p/C_color_15_0030.png,p
7761,p/C_color_15_0031.png,p
7762,p/C_color_15_0032.png,p
7763,p/C_color_15_0033.png,p
7764,p/C_color_15_0034.png,p
7765,p/C_color_15_0035.png,p
7766,p/C_color_15_0036.png,p
7767,p/C_color_15_0037.png,p
7768,p/C_color_15_0038.png,p
7769,p/C_color_15_0039.png,p
7770,p/C_color_15_0040.png,p
7771,p/C_color_15_0041.png,p
7772,p/C_color_15_0042.png,p
7773,p/C_color_15_0043.png,p
7774,p/C_color_15_0044.png,p
7775,p/C_color_15_0045.png,p
7776,p/C_color_15_0046.png,p
7777,p/C_color_15_0047.png,p
7778,p/C_color_15_0048.png,p
7779,p/C_color_15_0049.png,p
7780,p/C_color_15_0050.png,p
7781,p/C_color_15_0051.png,p
7782,p/C_color_15_0052.png,p
7783,p/C_color_15_0053.png,p
7784,p/C_color_15_0054.png,p
7785,p/C_color_15_0055.png,p
7786,p/C_color_15_0056.png,p
7787,p/C_color_15_0057.png,p
7788,p/C_color_15_0058.png,p
7789,p/C_color_15_0059.png,p
7790,p/C_color_15_0060.png,p
7791,p/C_color_15_0061.png,p
7792,p/C_color_15_0062.png,p
7793,p/C_color_15_0063.png,p
7794,p/C_color_15_0064.png,p
7795,p/C_color_15_0065.png,p
7796,p/C_color_15_0066.png,p
7797,p/C_color_15_0067.png,p
7798,p/C_color_15_0068.png,p
7799,p/C_color_15_0069.png,p
7800,p/C_color_15_0070.png,p
7801,p/C_color_15_0071.png,p
7802,p/C_color_15_0072.png,p
7803,p/C_color_15_0073.png,p
7804,p/C_color_15_0074.png,p
7805,p/C_color_15_0075.png,p
7806,p/C_color_15_0076.png,p
7807,p/C_color_15_0077.png,p
7808,p/C_color_15_0078.png,p
7809,p/C_color_15_0079.png,p
7810,p/C_color_15_0080.png,p
7811,p/C_color_15_0081.png,p
7812,p/C_color_15_0082.png,p
7813,p/C_color_15_0083.png,p
7814,p/C_color_15_0084.png,p
7815,p/C_color_15_0085.png,p
7816,p/C_color_15_0086.png,p
7817,p/C_color_15_0087.png,p
7818,p/C_color_15_0088.png,p
7819,p/C_color_15_0089.png,p
7820,p/C_color_15_0090.png,p
7821,p/C_color_15_0091.png,p
7822,p/C_color_15_0092.png,p
7823,p/C_color_15_0093.png,p
7824,p/C_color_15_0094.png,p
7825,p/C_color_15_0095.png,p
7826,p/C_color_15_0096.png,p
7827,p/C_color_15_0097.png,q
7828,p/C_color_15_0098.png,q
7829,p/C_color_15_0099.png,q
7830,p/C_color_15_0100.png,p
7831,p/C_color_15_0101.png,p
7832,p/C_color_15_0102.png,p
7833,p/C_color_15_0103.png,q
7834,p/C_color_15_0104.png,q
7835,p/C_color_15_0105.png,p
7836,p/C_color_15_0106.png,p
7837,p/C_color_15_0107.png,p
7838,p/C_color_15_0108.png,p
7839,p/C_color_15_0109.png,p
7840,p/C_color_15_0110.png,p
7841,p/C_color_15_0111.png,p
7842,p/C_color_15_0112.png,p
7843,p/C_color_15_0113.png,p
7844,p/C_color_15_0114.png,p
7845,p/C_color_15_0115.png,p
7846,p/C_color_15_0116.png,p
7847,p/C_color_15_0117.png,p
7848,p/C_color_15_0118.png,p
7849,p/C_color_15_0119.png,p
7850,p/C_color_15_0120.png,p
7851,p/C_color_15_0121.png,p
7852,p/C_color_15_0122.png,p
7853,p/C_color_15_0123.png,p
7854,p/C_color_15_0124.png,p
7855,p/C_color_15_0125.png,p
7856,p/C_color_15_0126.png,p
7857,p/C_color_15_0127.png,q
7858,p/C_color_15_0128.png,q
7859,p/C_color_15_0129.png,q
7860,p/C_color_15_0130.png,p
7861,p/C_color_15_0131.png,p
7862,p/C_color_15_0132.png,p
7863,p/C_color_15_0133.png,p
7864,p/C_color_15_0134.png,p
7865,p/C_color_15_0135.png,p
7866,p/C_color_15_0136.png,p
7867,p/C_color_15_0137.png,p
7868,p/C_color_15_0138.png,p
7869,p/C_color_15_0139.png,p
7870,p/C_color_15_0140.png,p
7871,p/C_color_15_0141.png,p
7872,p/C_color_15_0142.png,p
7873,p/C_color_15_0143.png,p
7874,p/C_color_15_0144.png,p
7875,p/C_color_15_0145.png,p
7876,p/C_color_15_0146.png,p
7877,p/C_color_15_0147.png,p
7878,p/C_color_15_0148.png,p
7879,p/C_color_15_0149.png,p
7880,p/C_color_15_0150.png,p
7881,p/C_color_15_0151.png,p
7882,p/C_color_15_0152.png,p
7883,p/C_color_15_0153.png,p
7884,p/C_color_15_0154.png,p
7885,p/C_color_15_0155.png,p
7886,p/C_color_15_0156.png,p
7887,p/C_color_15_0157.png,p
7888,p/C_color_15_0158.png,p
7889,p/C_color_15_0159.png,p
7890,p/C_color_15_0160.png,p
7891,p/C_color_15_0161.png,p
7892,p/C_color_15_0162.png,p
7893,p/C_color_15_0163.png,p
7894,p/C_color_15_0164.png,p
7895,p/C_color_15_0165.png,p
7896,p/C_color_15_0166.png,p
7897,p/C_color_15_0167.png,p
7898,p/C_color_15_0168.png,p
7899,p/C_color_15_0169.png,p
7900,p/C_color_15_0170.png,p
7901,p/C_color_15_0171.png,p
7902,p/C_color_15_0172.png,p
7903,p/C_color_15_0173.png,p
7904,p/C_color_15_0174.png,p
7905,p/C_color_15_0175.png,p
7906,p/C_color_15_0176.png,p
7907,p/C_color_15_0177.png,p
7908,p/C_color_15_0178.png,p
7909,p/C_color_15_0179.png,p
7910,p/C_color_15_0180.png,p
7911,p/C_color_15_0181.png,p
7912,p/C_color_15_0182.png,p
7913,p/C_color_15_0183.png,p
7914,p/C_color_15_0184.png,p
7915,p/C_color_15_0185.png,p
7916,p/C_color_15_0186.png,p
7917,p/C_color_15_0187.png,p
7918,p/C_color_15_0188.png,p
7919,p/C_color_15_0189.png,p
7920,p/C_color_15_0190.png,p
7921,p/C_color_15_0191.png,p
7922,p/C_color_15_0192.png,p
7923,p/C_color_15_0193.png,p
7924,p/C_color_15_0194.png,p
7925,p/C_color_15_0195.png,p
7926,p/C_color_15_0196.png,p
7927,p/C_color_15_0197.png,p
7928,p/C_color_15_0198.png,p
7929,p/C_color_15_0199.png,p
7930,p/C_color_15_0200.png,p
7931,p/C_color_15_0201.png,p
7932,p/C_color_15_0202.png,p
7933,p/C_color_15_0203.png,p
7934,p/C_color_15_0204.png,p
7935,p/C_color_15_0205.png,p
7936,p/C_color_15_0206.png,p
7937,p/C_color_15_0207.png,p
7938,p/C_color_15_0208.png,p
7939,p/C_color_15_0209.png,p
7940,p/C_color_15_0210.png,p
7941,p/C_color_15_0211.png,p
7942,p/C_color_15_0212.png,p
7943,p/C_color_15_0213.png,p
7944,p/C_color_15_0214.png,p
7945,p/C_color_15_0215.png,p
7946,p/C_color_15_0216.png,p
7947,p/C_color_15_0217.png,p
7948,p/C_color_15_0218.png,p
7949,p/C_color_15_0219.png,p
7950,p/C_color_15_0220.png,p
7951,p/C_color_15_0221.png,p
7952,p/C_color_15_0222.png,p
7953,p/C_color_15_0223.png,p
7954,p/C_color_15_0224.png,p
7955,p/C_color_15_0225.png,p
7956,p/C_color_15_0226.png,p
7957,p/C_color_15_0227.png,p
7958,p/C_color_15_0228.png,p
7959,p/C_color_15_0229.png,p
7960,p/C_color_15_0230.png,p
7961,p/C_color_15_0231.png,p
7962,p/C_color_15_0232.png,p
7963,p/C_color_15_0233.png,p
7964,p/C_color_15_0234.png,p
7965,p/C_color_15_0235.png,p
7966,p/C_color_15_0236.png,p
7967,p/C_color_15_0237.png,p
7968,p/C_color_15_0238.png,p
7969,p/C_color_15_0239.png,p
7970,p/C_color_15_0240.png,p
7971,p/C_color_15_0241.png,p
7972,p/C_color_15_0242.png,p
7973,p/C_color_15_0243.png,p
7974,p/C_color_15_0244.png,p
7975,p/C_color_15_0245.png,p
7976,p/C_color_15_0246.png,p
7977,p/C_color_15_0247.png,p
7978,p/C_color_15_0248.png,p
7979,p/C_color_15_0249.png,p
7980,p/C_color_15_0250.png,p
7981,p/C_color_15_0251.png,p
7982,p/C_color_15_0252.png,p
7983,p/C_color_15_0253.png,p
7984,p/C_color_15_0254.png,p
7985,p/C_color_15_0255.png,p
7986,p/C_color_15_0256.png,p
7987,p/C_color_15_0257.png,p
7988,p/C_color_15_0258.png,p
7989,p/C_color_15_0259.png,p
7990,p/C_color_15_0260.png,p
7991,p/C_color_15_0261.png,p
7992,p/C_color_15_0262.png,p
7993,p/C_color_15_0263.png,p
7994,p/C_color_15_0264.png,p
7995,p/C_color_15_0265.png,p
7996,p/C_color_15_0266.png,p
7997,p/C_color_15_0267.png,p
7998,p/C_color_15_0268.png,p
7999,p/C_color_15_0269.png,p
8000,p/C_color_15_0270.png,p
8001,p/C_color_15_0271.png,p
8002,p/C_color_15_0272.png,p
8003,p/C_color_15_0273.png,p
8004,p/C_color_15_0274.png,p
8005,p/C_color_15_0275.png,p
8006,p/C_color_15_0276.png,p
8007,p/C_color_15_0277.png,p
8008,p/C_color_15_0278.png,p
8009,p/C_color_15_0279.png,p
8010,p/C_color_15_0280.png,p
8011,p/C_color_15_0281.png,p
8012,p/C_color_15_0282.png,p
8013,p/C_color_15_0283.png,p
8014,p/C_color_15_0284.png,p
8015,p/C_color_15_0285.png,p
8016,p/C_color_15_0286.png,p
8017,p/C_color_15_0287.png,p
8018,p/C_color_15_0288.png,p
8019,p/C_color_15_0289.png,p
8020,p/C_color_15_0290.png,p
8021,p/C_color_15_0291.png,p
8022,p/C_color_15_0292.png,p
8023,p/C_color_15_0293.png,p
8024,p/C_color_15_0294.png,p
8025,p/C_color_15_0295.png,p
8026,p/C_color_15_0296.png,p
8027,p/C_color_15_0297.png,p
8028,p/C_color_15_0298.png,p
8029,p/C_color_15_0299.png,p
8030,p/C_color_15_0300.png,p
8031,p/C_color_15_0301.png,p
8032,p/C_color_15_0302.png,p
8033,p/C_color_15_0303.png,p
8034,p/C_color_15_0304.png,p
8035,p/C_color_15_0305.png,p
8036,p/C_color_15_0306.png,p
8037,p/C_color_15_0307.png,p
8038,p/C_color_15_0308.png,p
8039,p/C_color_15_0309.png,p
8040,p/C_color_15_0310.png,p
8041,p/C_color_15_0311.png,p
8042,p/C_color_15_0312.png,p
8043,p/C_color_15_0313.png,p
8044,p/C_color_15_0314.png,p
8045,p/C_color_15_0315.png,p
8046,p/C_color_15_0316.png,p
8047,p/C_color_15_0317.png,p
8048,p/C_color_15_0318.png,p
8049,p/C_color_15_0319.png,p
8050,p/C_color_15_0320.png,p
8051,p/C_color_15_0321.png,p
8052,p/C_color_15_0322.png,p
8053,p/C_color_15_0323.png,p
8054,p/C_color_15_0324.png,p
8055,p/C_color_15_0325.png,p
8056,p/C_color_15_0326.png,p
8057,p/C_color_15_0327.png,p
8058,p/C_color_15_0328.png,p
8059,p/C_color_15_0329.png,p
8060,p/C_color_15_0330.png,p
8061,p/C_color_15_0331.png,p
8062,p/C_color_15_0332.png,p
8063,p/C_color_15_0333.png,p
8064,p/C_color_15_0334.png,p
8065,p/C_color_15_0335.png,p
8066,p/C_color_15_0336.png,p
8067,p/C_color_15_0337.png,p
8068,p/C_color_15_0338.png,p
8069,p/C_color_15_0339.png,p
8070,p/C_color_15_0340.png,p
8071,p/C_color_15_0341.png,p
8072,p/C_color_15_0342.png,p
8073,p/C_color_15_0343.png,p
8074,p/C_color_15_0344.png,p
8075,p/C_color_15_0345.png,p
8076,p/C_color_15_0346.png,p
8077,p/C_color_15_0347.png,p
8078,p/C_color_15_0348.png,p
8079,p/C_color_15_0349.png,p
8080,p/C_color_15_0350.png,p
8081,p/C_color_15_0351.png,p
8082,p/C_color_15_0352.png,p
8083,p/C_color_15_0353.png,p
8084,p/C_color_15_0354.png,p
8085,p/C_color_15_0355.png,p
8086,p/C_color_15_0356.png,p
8087,p/C_color_15_0357.png,p
8088,p/C_color_15_0358.png,p
8089,p/C_color_15_0359.png,p
8090,p/C_color_15_0360.png,p
8091,p/C_color_15_0361.png,p
8092,p/C_color_15_0362.png,p
8093,p/C_color_15_0363.png,p
8094,p/C_color_15_0364.png,p
8095,p/C_color_15_0365.png,p
8096,p/C_color_15_0366.png,p
8097,p/C_color_15_0367.png,p
8098,p/C_color_15_0368.png,p
8099,p/C_color_15_0369.png,p
8100,p/C_color_15_0370.png,p
8101,p/C_color_15_0371.png,p
8102,p/C_color_15_0372.png,p
8103,p/C_color_15_0373.png,p
8104,p/C_color_15_0374.png,p
8105,p/C_color_15_0375.png,p
8106,p/C_color_15_0376.png,p
8107,p/C_color_15_0377.png,p
8108,p/C_color_15_0378.png,p
8109,p/C_color_15_0379.png,p
8110,p/C_color_15_0380.png,p
8111,p/C_color_15_0381.png,p
8112,p/C_color_15_0382.png,p
8113,p/C_color_15_0383.png,p
8114,p/C_color_15_0384.png,p
8115,p/C_color_15_0385.png,p
8116,p/C_color_15_0386.png,p
8117,p/C_color_15_0387.png,p
8118,p/C_color_15_0388.png,p
8119,p/C_color_15_0389.png,p
8120,p/C_color_15_0390.png,p
8121,p/C_color_15_0391.png,p
8122,p/C_color_15_0392.png,p
8123,p/C_color_15_0393.png,p
8124,p/C_color_15_0394.png,p
8125,p/C_color_15_0395.png,p
8126,p/C_color_15_0396.png,p
8127,p/C_color_15_0397.png,p
8128,p/C_color_15_0398.png,p
8129,p/C_color_15_0399.png,p
8130,p/C_color_15_0400.png,p
8131,p/C_color_15_0401.png,p
8132,p/C_color_15_0402.png,p
8133,p/C_color_15_0403.png,p
8134,p/C_color_15_0404.png,p
8135,p/C_color_15_0405.png,p
8136,p/C_color_15_0406.png,p
8137,p/C_color_15_0407.png,p
8138,p/C_color_15_0408.png,p
8139,p/C_color_15_0409.png,p
8140,p/C_color_15_0410.png,p
8141,p/C_color_15_0411.png,p
8142,p/C_color_15_0412.png,p
8143,p/C_color_15_0413.png,p
8144,p/C_color_15_0414.png,p
8145,p/C_color_15_0415.png,p
8146,p/C_color_15_0416.png,p
8147,p/C_color_15_0417.png,p
8148,p/C_color_15_0418.png,p
8149,p/C_color_15_0419.png,p
8150,p/C_color_15_0420.png,p
8151,p/C_color_15_0421.png,p
8152,p/C_color_15_0422.png,p
8153,p/C_color_15_0423.png,p
8154,p/C_color_15_0424.png,p
8155,p/C_color_15_0425.png,p
8156,p/C_color_15_0426.png,p
8157,p/C_color_15_0427.png,p
8158,p/C_color_15_0428.png,p
8159,p/C_color_15_0429.png,p
8160,p/C_color_15_0430.png,p
8161,p/C_color_15_0431.png,p
8162,p/C_color_15_0432.png,p
8163,p/C_color_15_0433.png,p
8164,p/C_color_15_0434.png,p
8165,p/C_color_15_0435.png,p
8166,p/C_color_15_0436.png,p
8167,p/C_color_15_0437.png,p
8168,p/C_color_15_0438.png,p
8169,p/C_color_15_0439.png,p
8170,p/C_color_15_0440.png,p
8171,p/C_color_15_0441.png,p
8172,p/C_color_15_0442.png,p
8173,p/C_color_15_0443.png,p
8174,p/C_color_15_0444.png,p
8175,p/C_color_15_0445.png,p
8176,p/C_color_15_0446.png,p
8177,p/C_color_15_0447.png,p
8178,p/C_color_15_0448.png,p
8179,p/C_color_15_0449.png,p
8180,p/C_color_15_0450.png,p
8181,p/C_color_15_0451.png,p
8182,p/C_color_15_0452.png,p
8183,p/C_color_15_0453.png,p
8184,p/C_color_15_0454.png,p
8185,p/C_color_15_0455.png,p
8186,p/C_color_15_0456.png,p
8187,p/C_color_15_0457.png,p
8188,p/C_color_15_0458.png,p
8189,p/C_color_15_0459.png,p
8190,p/C_color_15_0460.png,p
8191,p/C_color_15_0461.png,p
8192,p/C_color_15_0462.png,p
8193,p/C_color_15_0463.png,p
8194,p/C_color_15_0464.png,p
8195,p/C_color_15_0465.png,p
8196,p/C_color_15_0466.png,p
8197,p/C_color_15_0467.png,p
8198,p/C_color_15_0468.png,p
8199,p/C_color_15_0469.png,p
8200,p/C_color_15_0470.png,p
8201,p/C_color_15_0471.png,p
8202,p/C_color_15_0472.png,p
8203,p/C_color_15_0473.png,p
8204,p/C_color_15_0474.png,p
8205,p/C_color_15_0475.png,p
8206,p/C_color_15_0476.png,p
8207,p/C_color_15_0477.png,p
8208,p/C_color_15_0478.png,p
8209,p/C_color_15_0479.png,p
8210,p/C_color_15_0480.png,p
8211,p/C_color_15_0481.png,p
8212,p/C_color_15_0482.png,p
8213,p/C_color_15_0483.png,p
8214,p/C_color_15_0484.png,p
8215,p/C_color_15_0485.png,p
8216,p/C_color_15_0486.png,p
8217,p/C_color_15_0487.png,p
8218,p/C_color_15_0488.png,p
8219,p/C_color_15_0489.png,p
8220,p/C_color_15_0490.png,p
8221,p/C_color_15_0491.png,p
8222,p/C_color_15_0492.png,p
8223,p/C_color_15_0493.png,p
8224,p/C_color_15_0494.png,p
8225,p/C_color_15_0495.png,p
8226,p/C_color_15_0496.png,p
8227,p/C_color_15_0497.png,p
8228,p/C_color_15_0498.png,p
8229,p/C_color_15_0499.png,p
8230,p/C_color_15_0500.png,p
8231,p/C_color_15_0501.png,p
8232,p/C_color_15_0502.png,p
8233,p/C_color_15_0503.png,p
8234,p/C_color_15_0504.png,p
8235,p/C_color_15_0505.png,p
8236,p/C_color_15_0506.png,p
8237,p/C_color_15_0507.png,p
8238,p/C_color_15_0508.png,p
8239,p/C_color_15_0509.png,p
8240,p/C_color_15_0510.png,p
8241,p/C_color_15_0511.png,p
8242,p/C_color_15_0512.png,p
8243,p/C_color_15_0513.png,p
8244,p/C_color_15_0514.png,p
8245,p/C_color_15_0515.png,p
8246,p/C_color_15_0516.png,p
8247,p/C_color_15_0517.png,p
8248,p/C_color_15_0518.png,p
8249,p/C_color_15_0519.png,p
8250,p/C_color_15_0520.png,p
8251,p/C_color_15_0521.png,p
8252,p/C_color_15_0522.png,p
8253,p/C_color_15_0523.png,p
8254,p/C_color_15_0524.png,p
8255,p/C_color_15_0525.png,p
8256,p/C_color_15_0526.png,p
8257,p/C_color_15_0527.png,p
8258,p/C_color_15_0528.png,p
8259,p/C_color_15_0529.png,p
8260,p/C_color_15_0530.png,p
8261,p/C_color_15_0531.png,p
8262,p/C_color_15_0532.png,p
8263,p/C_color_15_0533.png,p
8264,p/C_color_15_0534.png,p
8265,q/C_color_16_0002.png,q
8266,q/C_color_16_0003.png,q
8267,q/C_color_16_0004.png,q
8268,q/C_color_16_0005.png,q
8269,q/C_color_16_0006.png,q
8270,q/C_color_16_0007.png,q
8271,q/C_color_16_0008.png,q
8272,q/C_color_16_0009.png,q
8273,q/C_color_16_0010.png,q
8274,q/C_color_16_0011.png,q
8275,q/C_color_16_0012.png,q
8276,q/C_color_16_0013.png,q
8277,q/C_color_16_0014.png,q
8278,q/C_color_16_0015.png,q
8279,q/C_color_16_0016.png,q
8280,q/C_color_16_0017.png,q
8281,q/C_color_16_0018.png,q
8282,q/C_color_16_0019.png,q
8283,q/C_color_16_0020.png,q
8284,q/C_color_16_0021.png,q
8285,q/C_color_16_0022.png,q
8286,q/C_color_16_0023.png,q
8287,q/C_color_16_0024.png,q
8288,q/C_color_16_0025.png,q
8289,q/C_color_16_0026.png,q
8290,q/C_color_16_0027.png,q
8291,q/C_color_16_0028.png,q
8292,q/C_color_16_0029.png,q
8293,q/C_color_16_0030.png,q
8294,q/C_color_16_0031.png,q
8295,q/C_color_16_0032.png,q
8296,q/C_color_16_0033.png,q
8297,q/C_color_16_0034.png,q
8298,q/C_color_16_0035.png,q
8299,q/C_color_16_0036.png,q
8300,q/C_color_16_0037.png,q
8301,q/C_color_16_0038.png,q
8302,q/C_color_16_0039.png,q
8303,q/C_color_16_0040.png,q
8304,q/C_color_16_0041.png,q
8305,q/C_color_16_0042.png,q
8306,q/C_color_16_0043.png,q
8307,q/C_color_16_0044.png,q
8308,q/C_color_16_0045.png,q
8309,q/C_color_16_0046.png,q
8310,q/C_color_16_0047.png,q
8311,q/C_color_16_0048.png,q
8312,q/C_color_16_0049.png,q
8313,q/C_color_16_0050.png,q
8314,q/C_color_16_0051.png,q
8315,q/C_color_16_0052.png,q
8316,q/C_color_16_0053.png,q
8317,q/C_color_16_0054.png,q
8318,q/C_color_16_0055.png,q
8319,q/C_color_16_0056.png,q
8320,q/C_color_16_0057.png,q
8321,q/C_color_16_0058.png,q
8322,q/C_color_16_0059.png,q
8323,q/C_color_16_0060.png,q
8324,q/C_color_16_0061.png,q
8325,q/C_color_16_0062.png,q
8326,q/C_color_16_0063.png,q
8327,q/C_color_16_0064.png,q
8328,q/C_color_16_0065.png,q
8329,q/C_color_16_0066.png,q
8330,q/C_color_16_0067.png,q
8331,q/C_color_16_0068.png,q
8332,q/C_color_16_0069.png,q
8333,q/C_color_16_0070.png,q
8334,q/C_color_16_0071.png,q
8335,q/C_color_16_0072.png,q
8336,q/C_color_16_0073.png,q
8337,q/C_color_16_0074.png,q
8338,q/C_color_16_0075.png,q
8339,q/C_color_16_0076.png,q
8340,q/C_color_16_0077.png,q
8341,q/C_color_16_0078.png,q
8342,q/C_color_16_0079.png,q
8343,q/C_color_16_0080.png,q
8344,q/C_color_16_0081.png,q
8345,q/C_color_16_0082.png,q
8346,q/C_color_16_0083.png,q
8347,q/C_color_16_0084.png,q
8348,q/C_color_16_0085.png,q
8349,q/C_color_16_0086.png,q
8350,q/C_color_16_0087.png,q
8351,q/C_color_16_0088.png,q
8352,q/C_color_16_0089.png,q
8353,q/C_color_16_0090.png,q
8354,q/C_color_16_0091.png,q
8355,q/C_color_16_0092.png,q
8356,q/C_color_16_0093.png,q
8357,q/C_color_16_0094.png,q
8358,q/C_color_16_0095.png,q
8359,q/C_color_16_0096.png,q
8360,q/C_color_16_0097.png,q
8361,q/C_color_16_0098.png,q
8362,q/C_color_16_0099.png,q
8363,q/C_color_16_0100.png,q
8364,q/C_color_16_0101.png,q
8365,q/C_color_16_0102.png,q
8366,q/C_color_16_0103.png,q
8367,q/C_color_16_0104.png,q
8368,q/C_color_16_0105.png,q
8369,q/C_color_16_0106.png,q
8370,q/C_color_16_0107.png,q
8371,q/C_color_16_0108.png,q
8372,q/C_color_16_0109.png,q
8373,q/C_color_16_0110.png,q
8374,q/C_color_16_0111.png,q
8375,q/C_color_16_0112.png,q
8376,q/C_color_16_0113.png,q
8377,q/C_color_16_0114.png,q
8378,q/C_color_16_0115.png,q
8379,q/C_color_16_0116.png,q
8380,q/C_color_16_0117.png,q
8381,q/C_color_16_0118.png,q
8382,q/C_color_16_0119.png,q
8383,q/C_color_16_0120.png,q
8384,q/C_color_16_0121.png,q
8385,q/C_color_16_0122.png,q
8386,q/C_color_16_0123.png,q
8387,q/C_color_16_0124.png,q
8388,q/C_color_16_0125.png,q
8389,q/C_color_16_0126.png,q
8390,q/C_color_16_0127.png,q
8391,q/C_color_16_0128.png,q
8392,q/C_color_16_0129.png,q
8393,q/C_color_16_0130.png,q
8394,q/C_color_16_0131.png,q
8395,q/C_color_16_0132.png,q
8396,q/C_color_16_0133.png,q
8397,q/C_color_16_0134.png,q
8398,q/C_color_16_0135.png,q
8399,q/C_color_16_0136.png,q
8400,q/C_color_16_0137.png,q
8401,q/C_color_16_0138.png,q
8402,q/C_color_16_0139.png,q
8403,q/C_color_16_0140.png,q
8404,q/C_color_16_0141.png,q
8405,q/C_color_16_0142.png,q
8406,q/C_color_16_0143.png,q
8407,q/C_color_16_0144.png,q
8408,q/C_color_16_0145.png,q
8409,q/C_color_16_0146.png,q
8410,q/C_color_16_0147.png,q
8411,q/C_color_16_0148.png,q
8412,q/C_color_16_0149.png,q
8413,q/C_color_16_0150.png,q
8414,q/C_color_16_0151.png,q
8415,q/C_color_16_0152.png,q
8416,q/C_color_16_0153.png,q
8417,q/C_color_16_0154.png,q
8418,q/C_color_16_0155.png,q
8419,q/C_color_16_0156.png,q
8420,q/C_color_16_0157.png,q
8421,q/C_color_16_0158.png,q
8422,q/C_color_16_0159.png,q
8423,q/C_color_16_0160.png,q
8424,q/C_color_16_0161.png,q
8425,q/C_color_16_0162.png,q
8426,q/C_color_16_0163.png,q
8427,q/C_color_16_0164.png,q
8428,q/C_color_16_0165.png,q
8429,q/C_color_16_0166.png,q
8430,q/C_color_16_0167.png,q
8431,q/C_color_16_0168.png,q
8432,q/C_color_16_0169.png,q
8433,q/C_color_16_0170.png,q
8434,q/C_color_16_0171.png,q
8435,q/C_color_16_0172.png,q
8436,q/C_color_16_0173.png,q
8437,q/C_color_16_0174.png,q
8438,q/C_color_16_0175.png,q
8439,q/C_color_16_0176.png,q
8440,q/C_color_16_0177.png,q
8441,q/C_color_16_0178.png,q
8442,q/C_color_16_0179.png,q
8443,q/C_color_16_0180.png,q
8444,q/C_color_16_0181.png,q
8445,q/C_color_16_0182.png,q
8446,q/C_color_16_0183.png,q
8447,q/C_color_16_0184.png,q
8448,q/C_color_16_0185.png,q
8449,q/C_color_16_0186.png,q
8450,q/C_color_16_0187.png,q
8451,q/C_color_16_0188.png,q
8452,q/C_color_16_0189.png,q
8453,q/C_color_16_0190.png,q
8454,q/C_color_16_0191.png,q
8455,q/C_color_16_0192.png,q
8456,q/C_color_16_0193.png,q
8457,q/C_color_16_0194.png,q
8458,q/C_color_16_0195.png,q
8459,q/C_color_16_0196.png,q
8460,q/C_color_16_0197.png,q
8461,q/C_color_16_0198.png,q
8462,q/C_color_16_0199.png,q
8463,q/C_color_16_0200.png,q
8464,q/C_color_16_0201.png,q
8465,q/C_color_16_0202.png,q
8466,q/C_color_16_0203.png,q
8467,q/C_color_16_0204.png,q
8468,q/C_color_16_0205.png,q
8469,q/C_color_16_0206.png,q
8470,q/C_color_16_0207.png,q
8471,q/C_color_16_0208.png,q
8472,q/C_color_16_0209.png,q
8473,q/C_color_16_0210.png,q
8474,q/C_color_16_0211.png,q
8475,q/C_color_16_0212.png,q
8476,q/C_color_16_0213.png,q
8477,q/C_color_16_0214.png,q
8478,q/C_color_16_0215.png,q
8479,q/C_color_16_0216.png,q
8480,q/C_color_16_0217.png,q
8481,q/C_color_16_0218.png,q
8482,q/C_color_16_0219.png,q
8483,q/C_color_16_0220.png,q
8484,q/C_color_16_0221.png,q
8485,q/C_color_16_0222.png,q
8486,q/C_color_16_0223.png,q
8487,q/C_color_16_0224.png,q
8488,q/C_color_16_0225.png,q
8489,q/C_color_16_0226.png,q
8490,q/C_color_16_0227.png,q
8491,q/C_color_16_0228.png,q
8492,q/C_color_16_0229.png,q
8493,q/C_color_16_0230.png,q
8494,q/C_color_16_0231.png,q
8495,q/C_color_16_0232.png,q
8496,q/C_color_16_0233.png,q
8497,q/C_color_16_0234.png,q
8498,q/C_color_16_0235.png,q
8499,q/C_color_16_0236.png,q
8500,q/C_color_16_0237.png,q
8501,q/C_color_16_0238.png,q
8502,q/C_color_16_0239.png,q
8503,q/C_color_16_0240.png,q
8504,q/C_color_16_0241.png,q
8505,q/C_color_16_0242.png,q
8506,q/C_color_16_0243.png,q
8507,q/C_color_16_0244.png,q
8508,q/C_color_16_0245.png,q
8509,q/C_color_16_0246.png,q
8510,q/C_color_16_0247.png,q
8511,q/C_color_16_0248.png,q
8512,q/C_color_16_0249.png,q
8513,q/C_color_16_0250.png,q
8514,q/C_color_16_0251.png,q
8515,q/C_color_16_0252.png,q
8516,q/C_color_16_0253.png,q
8517,q/C_color_16_0254.png,q
8518,q/C_color_16_0255.png,q
8519,q/C_color_16_0256.png,q
8520,q/C_color_16_0257.png,q
8521,q/C_color_16_0258.png,q
8522,q/C_color_16_0259.png,q
8523,q/C_color_16_0260.png,q
8524,q/C_color_16_0261.png,q
8525,q/C_color_16_0262.png,q
8526,q/C_color_16_0263.png,q
8527,q/C_color_16_0264.png,q
8528,q/C_color_16_0265.png,q
8529,q/C_color_16_0266.png,q
8530,q/C_color_16_0267.png,q
8531,q/C_color_16_0268.png,q
8532,q/C_color_16_0269.png,q
8533,q/C_color_16_0270.png,q
8534,q/C_color_16_0271.png,q
8535,q/C_color_16_0272.png,q
8536,q/C_color_16_0273.png,q
8537,q/C_color_16_0274.png,q
8538,q/C_color_16_0275.png,q
8539,q/C_color_16_0276.png,q
8540,q/C_color_16_0277.png,q
8541,q/C_color_16_0278.png,q
8542,q/C_color_16_0279.png,q
8543,q/C_color_16_0280.png,q
8544,q/C_color_16_0281.png,q
8545,q/C_color_16_0282.png,q
8546,q/C_color_16_0283.png,q
8547,q/C_color_16_0284.png,q
8548,q/C_color_16_0285.png,q
8549,q/C_color_16_0286.png,q
8550,q/C_color_16_0287.png,q
8551,q/C_color_16_0288.png,q
8552,q/C_color_16_0289.png,q
8553,q/C_color_16_0290.png,q
8554,q/C_color_16_0291.png,q
8555,q/C_color_16_0292.png,q
8556,q/C_color_16_0293.png,q
8557,q/C_color_16_0294.png,q
8558,q/C_color_16_0295.png,q
8559,q/C_color_16_0296.png,q
8560,q/C_color_16_0297.png,q
8561,q/C_color_16_0298.png,q
8562,q/C_color_16_0299.png,q
8563,q/C_color_16_0300.png,q
8564,q/C_color_16_0301.png,q
8565,q/C_color_16_0302.png,q
8566,q/C_color_16_0303.png,q
8567,q/C_color_16_0304.png,q
8568,q/C_color_16_0305.png,q
8569,q/C_color_16_0306.png,q
8570,q/C_color_16_0307.png,q
8571,q/C_color_16_0308.png,q
8572,q/C_color_16_0309.png,q
8573,q/C_color_16_0310.png,q
8574,q/C_color_16_0311.png,q
8575,q/C_color_16_0312.png,q
8576,q/C_color_16_0313.png,q
8577,q/C_color_16_0314.png,q
8578,q/C_color_16_0315.png,q
8579,q/C_color_16_0316.png,q
8580,q/C_color_16_0317.png,q
8581,q/C_color_16_0318.png,q
8582,q/C_color_16_0319.png,q
8583,q/C_color_16_0320.png,q
8584,q/C_color_16_0321.png,q
8585,q/C_color_16_0322.png,q
8586,q/C_color_16_0323.png,q
8587,q/C_color_16_0324.png,q
8588,q/C_color_16_0325.png,q
8589,q/C_color_16_0326.png,q
8590,q/C_color_16_0327.png,q
8591,q/C_color_16_0328.png,q
8592,q/C_color_16_0329.png,q
8593,q/C_color_16_0330.png,q
8594,q/C_color_16_0331.png,q
8595,q/C_color_16_0332.png,q
8596,q/C_color_16_0333.png,q
8597,q/C_color_16_0334.png,q
8598,q/C_color_16_0335.png,q
8599,q/C_color_16_0336.png,q
8600,q/C_color_16_0337.png,q
8601,q/C_color_16_0338.png,q
8602,q/C_color_16_0339.png,q
8603,q/C_color_16_0340.png,q
8604,q/C_color_16_0341.png,q
8605,q/C_color_16_0342.png,q
8606,q/C_color_16_0343.png,q
8607,q/C_color_16_0344.png,q
8608,q/C_color_16_0345.png,q
8609,q/C_color_16_0346.png,q
8610,q/C_color_16_0347.png,q
8611,q/C_color_16_0348.png,q
8612,q/C_color_16_0349.png,q
8613,q/C_color_16_0350.png,q
8614,q/C_color_16_0351.png,q
8615,q/C_color_16_0352.png,q
8616,q/C_color_16_0353.png,q
8617,q/C_color_16_0354.png,q
8618,q/C_color_16_0355.png,q
8619,q/C_color_16_0356.png,q
8620,q/C_color_16_0357.png,q
8621,q/C_color_16_0358.png,q
8622,q/C_color_16_0359.png,q
8623,q/C_color_16_0360.png,q
8624,q/C_color_16_0361.png,q
8625,q/C_color_16_0362.png,q
8626,q/C_color_16_0363.png,q
8627,q/C_color_16_0364.png,q
8628,q/C_color_16_0365.png,q
8629,q/C_color_16_0366.png,q
8630,q/C_color_16_0367.png,q
8631,q/C_color_16_0368.png,q
8632,q/C_color_16_0369.png,q
8633,q/C_color_16_0370.png,q
8634,q/C_color_16_0371.png,q
8635,q/C_color_16_0372.png,q
8636,q/C_color_16_0373.png,q
8637,q/C_color_16_0374.png,q
8638,q/C_color_16_0375.png,q
8639,q/C_color_16_0376.png,q
8640,q/C_color_16_0377.png,q
8641,q/C_color_16_0378.png,q
8642,q/C_color_16_0379.png,q
8643,q/C_color_16_0380.png,q
8644,q/C_color_16_0381.png,q
8645,q/C_color_16_0382.png,q
8646,q/C_color_16_0383.png,q
8647,q/C_color_16_0384.png,q
8648,q/C_color_16_0385.png,q
8649,q/C_color_16_0386.png,q
8650,q/C_color_16_0387.png,q
8651,q/C_color_16_0388.png,q
8652,q/C_color_16_0389.png,q
8653,q/C_color_16_0390.png,q
8654,q/C_color_16_0391.png,q
8655,q/C_color_16_0392.png,q
8656,q/C_color_16_0393.png,q
8657,q/C_color_16_0394.png,q
8658,q/C_color_16_0395.png,q
8659,q/C_color_16_0396.png,q
8660,q/C_color_16_0397.png,q
8661,q/C_color_16_0398.png,q
8662,q/C_color_16_0399.png,q
8663,q/C_color_16_0400.png,q
8664,q/C_color_16_0401.png,q
8665,q/C_color_16_0402.png,q
8666,q/C_color_16_0403.png,q
8667,q/C_color_16_0404.png,q
8668,q/C_color_16_0405.png,q
8669,q/C_color_16_0406.png,q
8670,q/C_color_16_0407.png,q
8671,q/C_color_16_0408.png,q
8672,q/C_color_16_0409.png,q
8673,q/C_color_16_0410.png,q
8674,q/C_color_16_0411.png,q
8675,q/C_color_16_0412.png,q
8676,q/C_color_16_0413.png,q
8677,q/C_color_16_0414.png,q
8678,q/C_color_16_0415.png,q
8679,q/C_color_16_0416.png,q
8680,q/C_color_16_0417.png,q
8681,q/C_color_16_0418.png,q
8682,q/C_color_16_0419.png,q
8683,q/C_color_16_0420.png,q
8684,q/C_color_16_0421.png,q
8685,q/C_color_16_0422.png,q
8686,q/C_color_16_0423.png,q
8687,q/C_color_16_0424.png,q
8688,q/C_color_16_0425.png,q
8689,q/C_color_16_0426.png,q
8690,q/C_color_16_0427.png,q
8691,q/C_color_16_0428.png,q
8692,q/C_color_16_0429.png,q
8693,q/C_color_16_0430.png,q
8694,q/C_color_16_0431.png,q
8695,q/C_color_16_0432.png,q
8696,q/C_color_16_0433.png,p
8697,q/C_color_16_0434.png,p
8698,q/C_color_16_0435.png,p
8699,q/C_color_16_0436.png,q
8700,q/C_color_16_0437.png,q
8701,q/C_color_16_0438.png,q
8702,q/C_color_16_0439.png,q
8703,q/C_color_16_0440.png,q
8704,q/C_color_16_0441.png,q
8705,q/C_color_16_0442.png,q
8706,q/C_color_16_0443.png,q
8707,q/C_color_16_0444.png,q
8708,q/C_color_16_0445.png,q
8709,q/C_color_16_0446.png,q
8710,q/C_color_16_0447.png,q
8711,q/C_color_16_0448.png,q
8712,q/C_color_16_0449.png,q
8713,q/C_color_16_0450.png,q
8714,q/C_color_16_0451.png,q
8715,q/C_color_16_0452.png,q
8716,q/C_color_16_0453.png,q
8717,q/C_color_16_0454.png,q
8718,q/C_color_16_0455.png,q
8719,q/C_color_16_0456.png,q
8720,q/C_color_16_0457.png,q
8721,q/C_color_16_0458.png,q
8722,q/C_color_16_0459.png,q
8723,q/C_color_16_0460.png,q
8724,q/C_color_16_0461.png,q
8725,q/C_color_16_0462.png,q
8726,q/C_color_16_0463.png,q
8727,q/C_color_16_0464.png,q
8728,q/C_color_16_0465.png,q
8729,q/C_color_16_0466.png,q
8730,q/C_color_16_0467.png,q
8731,q/C_color_16_0468.png,q
8732,q/C_color_16_0469.png,q
8733,q/C_color_16_0470.png,q
8734,q/C_color_16_0471.png,q
8735,q/C_color_16_0472.png,q
8736,q/C_color_16_0473.png,q
8737,q/C_color_16_0474.png,q
8738,q/C_color_16_0475.png,q
8739,q/C_color_16_0476.png,q
8740,q/C_color_16_0477.png,q
8741,q/C_color_16_0478.png,q
8742,q/C_color_16_0479.png,q
8743,q/C_color_16_0480.png,q
8744,q/C_color_16_0481.png,q
8745,q/C_color_16_0482.png,q
8746,q/C_color_16_0483.png,q
8747,q/C_color_16_0484.png,q
8748,q/C_color_16_0485.png,q
8749,q/C_color_16_0486.png,q
8750,q/C_color_16_0487.png,q
8751,q/C_color_16_0488.png,q
8752,q/C_color_16_0489.png,q
8753,q/C_color_16_0490.png,q
8754,q/C_color_16_0491.png,q
8755,q/C_color_16_0492.png,q
8756,q/C_color_16_0493.png,q
8757,q/C_color_16_0494.png,q
8758,q/C_color_16_0495.png,q
8759,q/C_color_16_0496.png,q
8760,q/C_color_16_0497.png,q
8761,q/C_color_16_0498.png,q
8762,q/C_color_16_0499.png,q
8763,q/C_color_16_0500.png,q
8764,q/C_color_16_0501.png,p
8765,q/C_color_16_0502.png,q
8766,q/C_color_16_0503.png,q
8767,q/C_color_16_0504.png,q
8768,q/C_color_16_0505.png,q
8769,q/C_color_16_0506.png,q
8770,q/C_color_16_0507.png,q
8771,q/C_color_16_0508.png,q
8772,q/C_color_16_0509.png,q
8773,q/C_color_16_0510.png,q
8774,q/C_color_16_0511.png,q
8775,q/C_color_16_0512.png,q
8776,q/C_color_16_0513.png,q
8777,q/C_color_16_0514.png,q
8778,q/C_color_16_0515.png,q
8779,q/C_color_16_0516.png,q
8780,q/C_color_16_0517.png,q
8781,q/C_color_16_0518.png,q
8782,q/C_color_16_0519.png,q
8783,q/C_color_16_0520.png,q
8784,q/C_color_16_0521.png,q
8785,q/C_color_16_0522.png,q
8786,q/C_color_16_0523.png,q
8787,q/C_color_16_0524.png,q
8788,q/C_color_16_0525.png,q
8789,q/C_color_16_0526.png,q
8790,q/C_color_16_0527.png,q
8791,q/C_color_16_0528.png,q
8792,q/C_color_16_0529.png,q
8793,q/C_color_16_0530.png,q
8794,q/C_color_16_0531.png,q
8795,q/C_color_16_0532.png,q
8796,q/C_color_16_0533.png,q
8797,q/C_color_16_0534.png,q
8798,q/C_color_16_0535.png,q
8799,q/C_color_16_0536.png,q
8800,q/C_color_16_0537.png,q
8801,q/C_color_16_0538.png,q
8802,q/C_color_16_0539.png,q
8803,q/C_color_16_0540.png,q
8804,q/C_color_16_0541.png,q
8805,r/C_color_17_0002.png,r
8806,r/C_color_17_0003.png,r
8807,r/C_color_17_0004.png,r
8808,r/C_color_17_0005.png,r
8809,r/C_color_17_0006.png,r
8810,r/C_color_17_0007.png,r
8811,r/C_color_17_0008.png,r
8812,r/C_color_17_0009.png,r
8813,r/C_color_17_0010.png,r
8814,r/C_color_17_0011.png,r
8815,r/C_color_17_0012.png,r
8816,r/C_color_17_0013.png,r
8817,r/C_color_17_0014.png,r
8818,r/C_color_17_0015.png,r
8819,r/C_color_17_0016.png,r
8820,r/C_color_17_0017.png,r
8821,r/C_color_17_0018.png,r
8822,r/C_color_17_0019.png,r
8823,r/C_color_17_0020.png,r
8824,r/C_color_17_0021.png,r
8825,r/C_color_17_0022.png,r
8826,r/C_color_17_0023.png,r
8827,r/C_color_17_0024.png,r
8828,r/C_color_17_0025.png,r
8829,r/C_color_17_0026.png,r
8830,r/C_color_17_0027.png,r
8831,r/C_color_17_0028.png,r
8832,r/C_color_17_0029.png,r
8833,r/C_color_17_0030.png,r
8834,r/C_color_17_0031.png,r
8835,r/C_color_17_0032.png,r
8836,r/C_color_17_0033.png,r
8837,r/C_color_17_0034.png,r
8838,r/C_color_17_0035.png,r
8839,r/C_color_17_0036.png,r
8840,r/C_color_17_0037.png,r
8841,r/C_color_17_0038.png,r
8842,r/C_color_17_0039.png,r
8843,r/C_color_17_0040.png,r
8844,r/C_color_17_0041.png,r
8845,r/C_color_17_0042.png,r
8846,r/C_color_17_0043.png,r
8847,r/C_color_17_0044.png,r
8848,r/C_color_17_0045.png,r
8849,r/C_color_17_0046.png,r
8850,r/C_color_17_0047.png,r
8851,r/C_color_17_0048.png,r
8852,r/C_color_17_0049.png,r
8853,r/C_color_17_0050.png,r
8854,r/C_color_17_0051.png,r
8855,r/C_color_17_0052.png,r
8856,r/C_color_17_0053.png,r
8857,r/C_color_17_0054.png,r
8858,r/C_color_17_0055.png,r
8859,r/C_color_17_0056.png,r
8860,r/C_color_17_0057.png,r
8861,r/C_color_17_0058.png,r
8862,r/C_color_17_0059.png,r
8863,r/C_color_17_0060.png,r
8864,r/C_color_17_0061.png,r
8865,r/C_color_17_0062.png,r
8866,r/C_color_17_0063.png,r
8867,r/C_color_17_0064.png,r
8868,r/C_color_17_0065.png,r
8869,r/C_color_17_0066.png,r
8870,r/C_color_17_0067.png,r
8871,r/C_color_17_0068.png,r
8872,r/C_color_17_0069.png,r
8873,r/C_color_17_0070.png,r
8874,r/C_color_17_0071.png,r
8875,r/C_color_17_0072.png,r
8876,r/C_color_17_0073.png,r
8877,r/C_color_17_0074.png,r
8878,r/C_color_17_0075.png,r
8879,r/C_color_17_0076.png,r
8880,r/C_color_17_0077.png,r
8881,r/C_color_17_0078.png,r
8882,r/C_color_17_0079.png,r
8883,r/C_color_17_0080.png,r
8884,r/C_color_17_0081.png,r
8885,r/C_color_17_0082.png,r
8886,r/C_color_17_0083.png,r
8887,r/C_color_17_0084.png,r
8888,r/C_color_17_0085.png,r
8889,r/C_color_17_0086.png,r
8890,r/C_color_17_0087.png,r
8891,r/C_color_17_0088.png,r
8892,r/C_color_17_0089.png,r
8893,r/C_color_17_0090.png,r
8894,r/C_color_17_0091.png,r
8895,r/C_color_17_0092.png,r
8896,r/C_color_17_0093.png,r
8897,r/C_color_17_0094.png,r
8898,r/C_color_17_0095.png,r
8899,r/C_color_17_0096.png,r
8900,r/C_color_17_0097.png,r
8901,r/C_color_17_0098.png,r
8902,r/C_color_17_0099.png,r
8903,r/C_color_17_0100.png,r
8904,r/C_color_17_0101.png,r
8905,r/C_color_17_0102.png,r
8906,r/C_color_17_0103.png,r
8907,r/C_color_17_0104.png,r
8908,r/C_color_17_0105.png,r
8909,r/C_color_17_0106.png,r
8910,r/C_color_17_0107.png,r
8911,r/C_color_17_0108.png,r
8912,r/C_color_17_0109.png,r
8913,r/C_color_17_0110.png,r
8914,r/C_color_17_0111.png,r
8915,r/C_color_17_0112.png,r
8916,r/C_color_17_0113.png,r
8917,r/C_color_17_0114.png,r
8918,r/C_color_17_0115.png,r
8919,r/C_color_17_0116.png,r
8920,r/C_color_17_0117.png,r
8921,r/C_color_17_0118.png,r
8922,r/C_color_17_0119.png,r
8923,r/C_color_17_0120.png,r
8924,r/C_color_17_0121.png,r
8925,r/C_color_17_0122.png,r
8926,r/C_color_17_0123.png,r
8927,r/C_color_17_0124.png,r
8928,r/C_color_17_0125.png,r
8929,r/C_color_17_0126.png,r
8930,r/C_color_17_0127.png,r
8931,r/C_color_17_0128.png,r
8932,r/C_color_17_0129.png,r
8933,r/C_color_17_0130.png,r
8934,r/C_color_17_0131.png,r
8935,r/C_color_17_0132.png,r
8936,r/C_color_17_0133.png,r
8937,r/C_color_17_0134.png,r
8938,r/C_color_17_0135.png,r
8939,r/C_color_17_0136.png,r
8940,r/C_color_17_0137.png,r
8941,r/C_color_17_0138.png,r
8942,r/C_color_17_0139.png,r
8943,r/C_color_17_0140.png,r
8944,r/C_color_17_0141.png,r
8945,r/C_color_17_0142.png,r
8946,r/C_color_17_0143.png,r
8947,r/C_color_17_0144.png,r
8948,r/C_color_17_0145.png,r
8949,r/C_color_17_0146.png,r
8950,r/C_color_17_0147.png,r
8951,r/C_color_17_0148.png,r
8952,r/C_color_17_0149.png,r
8953,r/C_color_17_0150.png,r
8954,r/C_color_17_0151.png,r
8955,r/C_color_17_0152.png,r
8956,r/C_color_17_0153.png,r
8957,r/C_color_17_0154.png,r
8958,r/C_color_17_0155.png,r
8959,r/C_color_17_0156.png,r
8960,r/C_color_17_0157.png,r
8961,r/C_color_17_0158.png,r
8962,r/C_color_17_0159.png,r
8963,r/C_color_17_0160.png,r
8964,r/C_color_17_0161.png,r
8965,r/C_color_17_0162.png,r
8966,r/C_color_17_0163.png,r
8967,r/C_color_17_0164.png,r
8968,r/C_color_17_0165.png,r
8969,r/C_color_17_0166.png,r
8970,r/C_color_17_0167.png,r
8971,r/C_color_17_0168.png,r
8972,r/C_color_17_0169.png,r
8973,r/C_color_17_0170.png,r
8974,r/C_color_17_0171.png,r
8975,r/C_color_17_0172.png,r
8976,r/C_color_17_0173.png,r
8977,r/C_color_17_0174.png,r
8978,r/C_color_17_0175.png,r
8979,r/C_color_17_0176.png,r
8980,r/C_color_17_0177.png,r
8981,r/C_color_17_0178.png,r
8982,r/C_color_17_0179.png,r
8983,r/C_color_17_0180.png,r
8984,r/C_color_17_0181.png,r
8985,r/C_color_17_0182.png,r
8986,r/C_color_17_0183.png,r
8987,r/C_color_17_0184.png,r
8988,r/C_color_17_0185.png,r
8989,r/C_color_17_0186.png,r
8990,r/C_color_17_0187.png,r
8991,r/C_color_17_0188.png,r
8992,r/C_color_17_0189.png,r
8993,r/C_color_17_0190.png,r
8994,r/C_color_17_0191.png,r
8995,r/C_color_17_0192.png,r
8996,r/C_color_17_0193.png,r
8997,r/C_color_17_0194.png,r
8998,r/C_color_17_0195.png,r
8999,r/C_color_17_0196.png,r
9000,r/C_color_17_0197.png,r
9001,r/C_color_17_0198.png,r
9002,r/C_color_17_0199.png,r
9003,r/C_color_17_0200.png,r
9004,r/C_color_17_0201.png,r
9005,r/C_color_17_0202.png,r
9006,r/C_color_17_0203.png,r
9007,r/C_color_17_0204.png,r
9008,r/C_color_17_0205.png,r
9009,r/C_color_17_0206.png,r
9010,r/C_color_17_0207.png,r
9011,r/C_color_17_0208.png,r
9012,r/C_color_17_0209.png,r
9013,r/C_color_17_0210.png,r
9014,r/C_color_17_0211.png,r
9015,r/C_color_17_0212.png,r
9016,r/C_color_17_0213.png,r
9017,r/C_color_17_0214.png,r
9018,r/C_color_17_0215.png,r
9019,r/C_color_17_0216.png,r
9020,r/C_color_17_0217.png,r
9021,r/C_color_17_0218.png,r
9022,r/C_color_17_0219.png,r
9023,r/C_color_17_0220.png,r
9024,r/C_color_17_0221.png,r
9025,r/C_color_17_0222.png,r
9026,r/C_color_17_0223.png,r
9027,r/C_color_17_0224.png,r
9028,r/C_color_17_0225.png,r
9029,r/C_color_17_0226.png,r
9030,r/C_color_17_0227.png,r
9031,r/C_color_17_0228.png,r
9032,r/C_color_17_0229.png,r
9033,r/C_color_17_0230.png,r
9034,r/C_color_17_0231.png,r
9035,r/C_color_17_0232.png,r
9036,r/C_color_17_0233.png,r
9037,r/C_color_17_0234.png,r
9038,r/C_color_17_0235.png,r
9039,r/C_color_17_0236.png,r
9040,r/C_color_17_0237.png,r
9041,r/C_color_17_0238.png,r
9042,r/C_color_17_0239.png,r
9043,r/C_color_17_0240.png,r
9044,r/C_color_17_0241.png,r
9045,r/C_color_17_0242.png,r
9046,r/C_color_17_0243.png,r
9047,r/C_color_17_0244.png,r
9048,r/C_color_17_0245.png,r
9049,r/C_color_17_0246.png,r
9050,r/C_color_17_0247.png,r
9051,r/C_color_17_0248.png,r
9052,r/C_color_17_0249.png,r
9053,r/C_color_17_0250.png,r
9054,r/C_color_17_0251.png,r
9055,r/C_color_17_0252.png,r
9056,r/C_color_17_0253.png,r
9057,r/C_color_17_0254.png,r
9058,r/C_color_17_0255.png,r
9059,r/C_color_17_0256.png,r
9060,r/C_color_17_0257.png,r
9061,r/C_color_17_0258.png,r
9062,r/C_color_17_0259.png,r
9063,r/C_color_17_0260.png,r
9064,r/C_color_17_0261.png,r
9065,r/C_color_17_0262.png,r
9066,r/C_color_17_0263.png,r
9067,r/C_color_17_0264.png,r
9068,r/C_color_17_0265.png,r
9069,r/C_color_17_0266.png,r
9070,r/C_color_17_0267.png,r
9071,r/C_color_17_0268.png,r
9072,r/C_color_17_0269.png,r
9073,r/C_color_17_0270.png,r
9074,r/C_color_17_0271.png,r
9075,r/C_color_17_0272.png,r
9076,r/C_color_17_0273.png,r
9077,r/C_color_17_0274.png,r
9078,r/C_color_17_0275.png,r
9079,r/C_color_17_0276.png,r
9080,r/C_color_17_0277.png,r
9081,r/C_color_17_0278.png,r
9082,r/C_color_17_0279.png,r
9083,r/C_color_17_0280.png,r
9084,r/C_color_17_0281.png,r
9085,r/C_color_17_0282.png,r
9086,r/C_color_17_0283.png,r
9087,r/C_color_17_0284.png,r
9088,r/C_color_17_0285.png,r
9089,r/C_color_17_0286.png,r
9090,r/C_color_17_0287.png,r
9091,r/C_color_17_0288.png,r
9092,r/C_color_17_0289.png,r
9093,r/C_color_17_0290.png,r
9094,r/C_color_17_0291.png,r
9095,r/C_color_17_0292.png,r
9096,r/C_color_17_0293.png,r
9097,r/C_color_17_0294.png,r
9098,r/C_color_17_0295.png,r
9099,r/C_color_17_0296.png,r
9100,r/C_color_17_0297.png,r
9101,r/C_color_17_0298.png,r
9102,r/C_color_17_0299.png,r
9103,r/C_color_17_0300.png,r
9104,r/C_color_17_0301.png,r
9105,r/C_color_17_0302.png,r
9106,r/C_color_17_0303.png,r
9107,r/C_color_17_0304.png,r
9108,r/C_color_17_0305.png,r
9109,r/C_color_17_0306.png,r
9110,r/C_color_17_0307.png,r
9111,r/C_color_17_0308.png,r
9112,r/C_color_17_0309.png,r
9113,r/C_color_17_0310.png,r
9114,r/C_color_17_0311.png,r
9115,r/C_color_17_0312.png,r
9116,r/C_color_17_0313.png,r
9117,r/C_color_17_0314.png,r
9118,r/C_color_17_0315.png,r
9119,r/C_color_17_0316.png,r
9120,r/C_color_17_0317.png,r
9121,r/C_color_17_0318.png,r
9122,r/C_color_17_0319.png,r
9123,r/C_color_17_0320.png,r
9124,r/C_color_17_0321.png,r
9125,r/C_color_17_0322.png,r
9126,r/C_color_17_0323.png,r
9127,r/C_color_17_0324.png,r
9128,r/C_color_17_0325.png,r
9129,r/C_color_17_0326.png,r
9130,r/C_color_17_0327.png,r
9131,r/C_color_17_0328.png,r
9132,r/C_color_17_0329.png,r
9133,r/C_color_17_0330.png,r
9134,r/C_color_17_0331.png,r
9135,r/C_color_17_0332.png,r
9136,r/C_color_17_0333.png,r
9137,r/C_color_17_0334.png,r
9138,r/C_color_17_0335.png,r
9139,r/C_color_17_0336.png,r
9140,r/C_color_17_0337.png,r
9141,r/C_color_17_0338.png,r
9142,r/C_color_17_0339.png,r
9143,r/C_color_17_0340.png,r
9144,r/C_color_17_0341.png,r
9145,r/C_color_17_0342.png,r
9146,r/C_color_17_0343.png,r
9147,r/C_color_17_0344.png,r
9148,r/C_color_17_0345.png,r
9149,r/C_color_17_0346.png,r
9150,r/C_color_17_0347.png,r
9151,r/C_color_17_0348.png,r
9152,r/C_color_17_0349.png,r
9153,r/C_color_17_0350.png,r
9154,r/C_color_17_0351.png,r
9155,r/C_color_17_0352.png,r
9156,r/C_color_17_0353.png,r
9157,r/C_color_17_0354.png,r
9158,r/C_color_17_0355.png,r
9159,r/C_color_17_0356.png,r
9160,r/C_color_17_0357.png,r
9161,r/C_color_17_0358.png,r
9162,r/C_color_17_0359.png,r
9163,r/C_color_17_0360.png,r
9164,r/C_color_17_0361.png,r
9165,r/C_color_17_0362.png,r
9166,r/C_color_17_0363.png,r
9167,r/C_color_17_0364.png,r
9168,r/C_color_17_0365.png,r
9169,r/C_color_17_0366.png,r
9170,r/C_color_17_0367.png,r
9171,r/C_color_17_0368.png,r
9172,r/C_color_17_0369.png,r
9173,r/C_color_17_0370.png,r
9174,r/C_color_17_0371.png,r
9175,r/C_color_17_0372.png,r
9176,r/C_color_17_0373.png,r
9177,r/C_color_17_0374.png,r
9178,r/C_color_17_0375.png,r
9179,r/C_color_17_0376.png,r
9180,r/C_color_17_0377.png,r
9181,r/C_color_17_0378.png,r
9182,r/C_color_17_0379.png,r
9183,r/C_color_17_0380.png,r
9184,r/C_color_17_0381.png,r
9185,r/C_color_17_0382.png,r
9186,r/C_color_17_0383.png,r
9187,r/C_color_17_0384.png,r
9188,r/C_color_17_0385.png,r
9189,r/C_color_17_0386.png,r
9190,r/C_color_17_0387.png,r
9191,r/C_color_17_0388.png,r
9192,r/C_color_17_0389.png,r
9193,r/C_color_17_0390.png,r
9194,r/C_color_17_0391.png,r
9195,r/C_color_17_0392.png,r
9196,r/C_color_17_0393.png,r
9197,r/C_color_17_0394.png,r
9198,r/C_color_17_0395.png,r
9199,r/C_color_17_0396.png,r
9200,r/C_color_17_0397.png,r
9201,r/C_color_17_0398.png,r
9202,r/C_color_17_0399.png,r
9203,r/C_color_17_0400.png,r
9204,r/C_color_17_0401.png,r
9205,r/C_color_17_0402.png,r
9206,r/C_color_17_0403.png,r
9207,r/C_color_17_0404.png,r
9208,r/C_color_17_0405.png,r
9209,r/C_color_17_0406.png,r
9210,r/C_color_17_0407.png,r
9211,r/C_color_17_0408.png,r
9212,r/C_color_17_0409.png,r
9213,r/C_color_17_0410.png,r
9214,r/C_color_17_0411.png,r
9215,r/C_color_17_0412.png,r
9216,r/C_color_17_0413.png,r
9217,r/C_color_17_0414.png,r
9218,r/C_color_17_0415.png,r
9219,r/C_color_17_0416.png,r
9220,r/C_color_17_0417.png,r
9221,r/C_color_17_0418.png,r
9222,r/C_color_17_0419.png,r
9223,r/C_color_17_0420.png,r
9224,r/C_color_17_0421.png,r
9225,r/C_color_17_0422.png,r
9226,r/C_color_17_0423.png,r
9227,r/C_color_17_0424.png,r
9228,r/C_color_17_0425.png,r
9229,r/C_color_17_0426.png,r
9230,r/C_color_17_0427.png,r
9231,r/C_color_17_0428.png,r
9232,r/C_color_17_0429.png,r
9233,r/C_color_17_0430.png,r
9234,r/C_color_17_0431.png,r
9235,r/C_color_17_0432.png,r
9236,r/C_color_17_0433.png,r
9237,r/C_color_17_0434.png,r
9238,r/C_color_17_0435.png,r
9239,r/C_color_17_0436.png,r
9240,r/C_color_17_0437.png,r
9241,r/C_color_17_0438.png,r
9242,r/C_color_17_0439.png,r
9243,r/C_color_17_0440.png,r
9244,r/C_color_17_0441.png,r
9245,r/C_color_17_0442.png,r
9246,r/C_color_17_0443.png,r
9247,r/C_color_17_0444.png,r
9248,r/C_color_17_0445.png,r
9249,r/C_color_17_0446.png,r
9250,r/C_color_17_0447.png,r
9251,r/C_color_17_0448.png,r
9252,r/C_color_17_0449.png,r
9253,r/C_color_17_0450.png,r
9254,r/C_color_17_0451.png,r
9255,r/C_color_17_0452.png,r
9256,r/C_color_17_0453.png,r
9257,r/C_color_17_0454.png,r
9258,r/C_color_17_0455.png,r
9259,r/C_color_17_0456.png,r
9260,r/C_color_17_0457.png,r
9261,r/C_color_17_0458.png,r
9262,r/C_color_17_0459.png,r
9263,r/C_color_17_0460.png,r
9264,r/C_color_17_0461.png,r
9265,r/C_color_17_0462.png,r
9266,r/C_color_17_0463.png,r
9267,r/C_color_17_0464.png,r
9268,r/C_color_17_0465.png,r
9269,r/C_color_17_0466.png,r
9270,r/C_color_17_0467.png,r
9271,r/C_color_17_0468.png,r
9272,r/C_color_17_0469.png,r
9273,r/C_color_17_0470.png,r
9274,r/C_color_17_0471.png,r
9275,r/C_color_17_0472.png,r
9276,r/C_color_17_0473.png,r
9277,r/C_color_17_0474.png,r
9278,r/C_color_17_0475.png,r
9279,r/C_color_17_0476.png,r
9280,r/C_color_17_0477.png,r
9281,r/C_color_17_0478.png,r
9282,r/C_color_17_0479.png,r
9283,r/C_color_17_0480.png,r
9284,r/C_color_17_0481.png,r
9285,r/C_color_17_0482.png,r
9286,r/C_color_17_0483.png,r
9287,r/C_color_17_0484.png,r
9288,r/C_color_17_0485.png,r
9289,r/C_color_17_0486.png,r
9290,r/C_color_17_0487.png,r
9291,r/C_color_17_0488.png,r
9292,r/C_color_17_0489.png,r
9293,r/C_color_17_0490.png,r
9294,r/C_color_17_0491.png,r
9295,r/C_color_17_0492.png,r
9296,r/C_color_17_0493.png,r
9297,r/C_color_17_0494.png,r
9298,r/C_color_17_0495.png,r
9299,r/C_color_17_0496.png,r
9300,r/C_color_17_0497.png,r
9301,r/C_color_17_0498.png,r
9302,r/C_color_17_0499.png,r
9303,r/C_color_17_0500.png,r
9304,r/C_color_17_0501.png,r
9305,r/C_color_17_0502.png,r
9306,r/C_color_17_0503.png,r
9307,r/C_color_17_0504.png,r
9308,r/C_color_17_0505.png,r
9309,r/C_color_17_0506.png,r
9310,r/C_color_17_0507.png,r
9311,r/C_color_17_0508.png,r
9312,r/C_color_17_0509.png,r
9313,r/C_color_17_0510.png,r
9314,r/C_color_17_0511.png,r
9315,r/C_color_17_0512.png,r
9316,r/C_color_17_0513.png,r
9317,r/C_color_17_0514.png,r
9318,r/C_color_17_0515.png,r
9319,r/C_color_17_0516.png,r
9320,r/C_color_17_0517.png,r
9321,r/C_color_17_0518.png,r
9322,r/C_color_17_0519.png,r
9323,r/C_color_17_0520.png,r
9324,r/C_color_17_0521.png,r
9325,r/C_color_17_0522.png,r
9326,r/C_color_17_0523.png,r
9327,r/C_color_17_0524.png,r
9328,r/C_color_17_0525.png,r
9329,r/C_color_17_0526.png,r
9330,r/C_color_17_0527.png,r
9331,r/C_color_17_0528.png,r
9332,r/C_color_17_0529.png,r
9333,r/C_color_17_0530.png,r
9334,s/C_color_18_0002.png,s
9335,s/C_color_18_0003.png,s
9336,s/C_color_18_0004.png,s
9337,s/C_color_18_0005.png,s
9338,s/C_color_18_0006.png,s
9339,s/C_color_18_0007.png,s
9340,s/C_color_18_0008.png,s
9341,s/C_color_18_0009.png,s
9342,s/C_color_18_0010.png,s
9343,s/C_color_18_0011.png,s
9344,s/C_color_18_0012.png,s
9345,s/C_color_18_0013.png,s
9346,s/C_color_18_0014.png,s
9347,s/C_color_18_0015.png,s
9348,s/C_color_18_0016.png,s
9349,s/C_color_18_0017.png,s
9350,s/C_color_18_0018.png,s
9351,s/C_color_18_0019.png,s
9352,s/C_color_18_0020.png,s
9353,s/C_color_18_0021.png,s
9354,s/C_color_18_0022.png,s
9355,s/C_color_18_0023.png,s
9356,s/C_color_18_0024.png,s
9357,s/C_color_18_0025.png,s
9358,s/C_color_18_0026.png,s
9359,s/C_color_18_0027.png,s
9360,s/C_color_18_0028.png,s
9361,s/C_color_18_0029.png,s
9362,s/C_color_18_0030.png,s
9363,s/C_color_18_0031.png,s
9364,s/C_color_18_0032.png,s
9365,s/C_color_18_0033.png,s
9366,s/C_color_18_0034.png,s
9367,s/C_color_18_0035.png,s
9368,s/C_color_18_0036.png,s
9369,s/C_color_18_0037.png,s
9370,s/C_color_18_0038.png,s
9371,s/C_color_18_0039.png,s
9372,s/C_color_18_0040.png,s
9373,s/C_color_18_0041.png,s
9374,s/C_color_18_0042.png,s
9375,s/C_color_18_0043.png,s
9376,s/C_color_18_0044.png,s
9377,s/C_color_18_0045.png,s
9378,s/C_color_18_0046.png,s
9379,s/C_color_18_0047.png,s
9380,s/C_color_18_0048.png,s
9381,s/C_color_18_0049.png,s
9382,s/C_color_18_0050.png,s
9383,s/C_color_18_0051.png,s
9384,s/C_color_18_0052.png,s
9385,s/C_color_18_0053.png,s
9386,s/C_color_18_0054.png,s
9387,s/C_color_18_0055.png,s
9388,s/C_color_18_0056.png,s
9389,s/C_color_18_0057.png,s
9390,s/C_color_18_0058.png,s
9391,s/C_color_18_0059.png,s
9392,s/C_color_18_0060.png,s
9393,s/C_color_18_0061.png,s
9394,s/C_color_18_0062.png,s
9395,s/C_color_18_0063.png,s
9396,s/C_color_18_0064.png,s
9397,s/C_color_18_0065.png,s
9398,s/C_color_18_0066.png,s
9399,s/C_color_18_0067.png,s
9400,s/C_color_18_0068.png,s
9401,s/C_color_18_0069.png,s
9402,s/C_color_18_0070.png,s
9403,s/C_color_18_0071.png,s
9404,s/C_color_18_0072.png,s
9405,s/C_color_18_0073.png,s
9406,s/C_color_18_0074.png,s
9407,s/C_color_18_0075.png,s
9408,s/C_color_18_0076.png,s
9409,s/C_color_18_0077.png,s
9410,s/C_color_18_0078.png,s
9411,s/C_color_18_0079.png,s
9412,s/C_color_18_0080.png,s
9413,s/C_color_18_0081.png,s
9414,s/C_color_18_0082.png,s
9415,s/C_color_18_0083.png,s
9416,s/C_color_18_0084.png,s
9417,s/C_color_18_0085.png,s
9418,s/C_color_18_0086.png,s
9419,s/C_color_18_0087.png,s
9420,s/C_color_18_0088.png,s
9421,s/C_color_18_0089.png,s
9422,s/C_color_18_0090.png,s
9423,s/C_color_18_0091.png,s
9424,s/C_color_18_0092.png,s
9425,s/C_color_18_0093.png,s
9426,s/C_color_18_0094.png,s
9427,s/C_color_18_0095.png,s
9428,s/C_color_18_0096.png,s
9429,s/C_color_18_0097.png,s
9430,s/C_color_18_0098.png,s
9431,s/C_color_18_0099.png,s
9432,s/C_color_18_0100.png,s
9433,s/C_color_18_0101.png,s
9434,s/C_color_18_0102.png,s
9435,s/C_color_18_0103.png,s
9436,s/C_color_18_0104.png,s
9437,s/C_color_18_0105.png,s
9438,s/C_color_18_0106.png,s
9439,s/C_color_18_0107.png,s
9440,s/C_color_18_0108.png,s
9441,s/C_color_18_0109.png,s
9442,s/C_color_18_0110.png,s
9443,s/C_color_18_0111.png,s
9444,s/C_color_18_0112.png,s
9445,s/C_color_18_0113.png,s
9446,s/C_color_18_0114.png,a
9447,s/C_color_18_0115.png,a
9448,s/C_color_18_0116.png,a
9449,s/C_color_18_0117.png,a
9450,s/C_color_18_0118.png,a
9451,s/C_color_18_0119.png,a
9452,s/C_color_18_0120.png,a
9453,s/C_color_18_0121.png,a
9454,s/C_color_18_0122.png,a
9455,s/C_color_18_0123.png,a
9456,s/C_color_18_0124.png,s
9457,s/C_color_18_0125.png,s
9458,s/C_color_18_0126.png,s
9459,s/C_color_18_0127.png,s
9460,s/C_color_18_0128.png,s
9461,s/C_color_18_0129.png,s
9462,s/C_color_18_0130.png,s
9463,s/C_color_18_0131.png,s
9464,s/C_color_18_0132.png,s
9465,s/C_color_18_0133.png,s
9466,s/C_color_18_0134.png,s
9467,s/C_color_18_0135.png,s
9468,s/C_color_18_0136.png,s
9469,s/C_color_18_0137.png,s
9470,s/C_color_18_0138.png,s
9471,s/C_color_18_0139.png,s
9472,s/C_color_18_0140.png,s
9473,s/C_color_18_0141.png,s
9474,s/C_color_18_0142.png,s
9475,s/C_color_18_0143.png,s
9476,s/C_color_18_0144.png,s
9477,s/C_color_18_0145.png,s
9478,s/C_color_18_0146.png,s
9479,s/C_color_18_0147.png,s
9480,s/C_color_18_0148.png,s
9481,s/C_color_18_0149.png,s
9482,s/C_color_18_0150.png,s
9483,s/C_color_18_0151.png,s
9484,s/C_color_18_0152.png,s
9485,s/C_color_18_0153.png,s
9486,s/C_color_18_0154.png,s
9487,s/C_color_18_0155.png,s
9488,s/C_color_18_0156.png,s
9489,s/C_color_18_0157.png,s
9490,s/C_color_18_0158.png,s
9491,s/C_color_18_0159.png,s
9492,s/C_color_18_0160.png,s
9493,s/C_color_18_0161.png,s
9494,s/C_color_18_0162.png,s
9495,s/C_color_18_0163.png,s
9496,s/C_color_18_0164.png,s
9497,s/C_color_18_0165.png,s
9498,s/C_color_18_0166.png,s
9499,s/C_color_18_0167.png,s
9500,s/C_color_18_0168.png,s
9501,s/C_color_18_0169.png,s
9502,s/C_color_18_0170.png,s
9503,s/C_color_18_0171.png,s
9504,s/C_color_18_0172.png,s
9505,s/C_color_18_0173.png,s
9506,s/C_color_18_0174.png,s
9507,s/C_color_18_0175.png,s
9508,s/C_color_18_0176.png,s
9509,s/C_color_18_0177.png,s
9510,s/C_color_18_0178.png,s
9511,s/C_color_18_0179.png,s
9512,s/C_color_18_0180.png,s
9513,s/C_color_18_0181.png,s
9514,s/C_color_18_0182.png,s
9515,s/C_color_18_0183.png,s
9516,s/C_color_18_0184.png,s
9517,s/C_color_18_0185.png,s
9518,s/C_color_18_0186.png,s
9519,s/C_color_18_0187.png,s
9520,s/C_color_18_0188.png,s
9521,s/C_color_18_0189.png,s
9522,s/C_color_18_0190.png,s
9523,s/C_color_18_0191.png,s
9524,s/C_color_18_0192.png,s
9525,s/C_color_18_0193.png,s
9526,s/C_color_18_0194.png,s
9527,s/C_color_18_0195.png,s
9528,s/C_color_18_0196.png,s
9529,s/C_color_18_0197.png,s
9530,s/C_color_18_0198.png,s
9531,s/C_color_18_0199.png,s
9532,s/C_color_18_0200.png,s
9533,s/C_color_18_0201.png,s
9534,s/C_color_18_0202.png,s
9535,s/C_color_18_0203.png,s
9536,s/C_color_18_0204.png,s
9537,s/C_color_18_0205.png,s
9538,s/C_color_18_0206.png,s
9539,s/C_color_18_0207.png,s
9540,s/C_color_18_0208.png,s
9541,s/C_color_18_0209.png,s
9542,s/C_color_18_0210.png,s
9543,s/C_color_18_0211.png,s
9544,s/C_color_18_0212.png,s
9545,s/C_color_18_0213.png,s
9546,s/C_color_18_0214.png,s
9547,s/C_color_18_0215.png,s
9548,s/C_color_18_0216.png,s
9549,s/C_color_18_0217.png,s
9550,s/C_color_18_0218.png,s
9551,s/C_color_18_0219.png,s
9552,s/C_color_18_0220.png,s
9553,s/C_color_18_0221.png,s
9554,s/C_color_18_0222.png,s
9555,s/C_color_18_0223.png,s
9556,s/C_color_18_0224.png,s
9557,s/C_color_18_0225.png,s
9558,s/C_color_18_0226.png,s
9559,s/C_color_18_0227.png,s
9560,s/C_color_18_0228.png,s
9561,s/C_color_18_0229.png,s
9562,s/C_color_18_0230.png,s
9563,s/C_color_18_0231.png,s
9564,s/C_color_18_0232.png,s
9565,s/C_color_18_0233.png,s
9566,s/C_color_18_0234.png,s
9567,s/C_color_18_0235.png,s
9568,s/C_color_18_0236.png,s
9569,s/C_color_18_0237.png,s
9570,s/C_color_18_0238.png,s
9571,s/C_color_18_0239.png,s
9572,s/C_color_18_0240.png,s
9573,s/C_color_18_0241.png,s
9574,s/C_color_18_0242.png,s
9575,s/C_color_18_0243.png,s
9576,s/C_color_18_0244.png,s
9577,s/C_color_18_0245.png,s
9578,s/C_color_18_0246.png,s
9579,s/C_color_18_0247.png,s
9580,s/C_color_18_0248.png,s
9581,s/C_color_18_0249.png,s
9582,s/C_color_18_0250.png,s
9583,s/C_color_18_0251.png,s
9584,s/C_color_18_0252.png,s
9585,s/C_color_18_0253.png,s
9586,s/C_color_18_0254.png,s
9587,s/C_color_18_0255.png,s
9588,s/C_color_18_0256.png,s
9589,s/C_color_18_0257.png,s
9590,s/C_color_18_0258.png,s
9591,s/C_color_18_0259.png,s
9592,s/C_color_18_0260.png,s
9593,s/C_color_18_0261.png,s
9594,s/C_color_18_0262.png,s
9595,s/C_color_18_0263.png,s
9596,s/C_color_18_0264.png,s
9597,s/C_color_18_0265.png,s
9598,s/C_color_18_0266.png,s
9599,s/C_color_18_0267.png,s
9600,s/C_color_18_0268.png,s
9601,s/C_color_18_0269.png,s
9602,s/C_color_18_0270.png,s
9603,s/C_color_18_0271.png,s
9604,s/C_color_18_0272.png,s
9605,s/C_color_18_0273.png,s
9606,s/C_color_18_0274.png,s
9607,s/C_color_18_0275.png,s
9608,s/C_color_18_0276.png,s
9609,s/C_color_18_0277.png,s
9610,s/C_color_18_0278.png,s
9611,s/C_color_18_0279.png,s
9612,s/C_color_18_0280.png,s
9613,s/C_color_18_0281.png,s
9614,s/C_color_18_0282.png,s
9615,s/C_color_18_0283.png,s
9616,s/C_color_18_0284.png,s
9617,s/C_color_18_0285.png,s
9618,s/C_color_18_0286.png,s
9619,s/C_color_18_0287.png,s
9620,s/C_color_18_0288.png,s
9621,s/C_color_18_0289.png,s
9622,s/C_color_18_0290.png,s
9623,s/C_color_18_0291.png,s
9624,s/C_color_18_0292.png,s
9625,s/C_color_18_0293.png,s
9626,s/C_color_18_0294.png,s
9627,s/C_color_18_0295.png,s
9628,s/C_color_18_0296.png,s
9629,s/C_color_18_0297.png,s
9630,s/C_color_18_0298.png,s
9631,s/C_color_18_0299.png,s
9632,s/C_color_18_0300.png,s
9633,s/C_color_18_0301.png,s
9634,s/C_color_18_0302.png,s
9635,s/C_color_18_0303.png,s
9636,s/C_color_18_0304.png,s
9637,s/C_color_18_0305.png,s
9638,s/C_color_18_0306.png,s
9639,s/C_color_18_0307.png,s
9640,s/C_color_18_0308.png,s
9641,s/C_color_18_0309.png,s
9642,s/C_color_18_0310.png,s
9643,s/C_color_18_0311.png,s
9644,s/C_color_18_0312.png,s
9645,s/C_color_18_0313.png,s
9646,s/C_color_18_0314.png,s
9647,s/C_color_18_0315.png,s
9648,s/C_color_18_0316.png,s
9649,s/C_color_18_0317.png,s
9650,s/C_color_18_0318.png,s
9651,s/C_color_18_0319.png,s
9652,s/C_color_18_0320.png,s
9653,s/C_color_18_0321.png,s
9654,s/C_color_18_0322.png,s
9655,s/C_color_18_0323.png,s
9656,s/C_color_18_0324.png,s
9657,s/C_color_18_0325.png,s
9658,s/C_color_18_0326.png,s
9659,s/C_color_18_0327.png,s
9660,s/C_color_18_0328.png,s
9661,s/C_color_18_0329.png,s
9662,s/C_color_18_0330.png,s
9663,s/C_color_18_0331.png,s
9664,s/C_color_18_0332.png,s
9665,s/C_color_18_0333.png,s
9666,s/C_color_18_0334.png,s
9667,s/C_color_18_0335.png,s
9668,s/C_color_18_0336.png,s
9669,s/C_color_18_0337.png,s
9670,s/C_color_18_0338.png,s
9671,s/C_color_18_0339.png,s
9672,s/C_color_18_0340.png,s
9673,s/C_color_18_0341.png,s
9674,s/C_color_18_0342.png,s
9675,s/C_color_18_0343.png,s
9676,s/C_color_18_0344.png,s
9677,s/C_color_18_0345.png,s
9678,s/C_color_18_0346.png,s
9679,s/C_color_18_0347.png,s
9680,s/C_color_18_0348.png,s
9681,s/C_color_18_0349.png,s
9682,s/C_color_18_0350.png,s
9683,s/C_color_18_0351.png,s
9684,s/C_color_18_0352.png,s
9685,s/C_color_18_0353.png,s
9686,s/C_color_18_0354.png,s
9687,s/C_color_18_0355.png,s
9688,s/C_color_18_0356.png,s
9689,s/C_color_18_0357.png,s
9690,s/C_color_18_0358.png,s
9691,s/C_color_18_0359.png,s
9692,s/C_color_18_0360.png,s
9693,s/C_color_18_0361.png,s
9694,s/C_color_18_0362.png,s
9695,s/C_color_18_0363.png,s
9696,s/C_color_18_0364.png,s
9697,s/C_color_18_0365.png,s
9698,s/C_color_18_0366.png,s
9699,s/C_color_18_0367.png,s
9700,s/C_color_18_0368.png,s
9701,s/C_color_18_0369.png,s
9702,s/C_color_18_0370.png,s
9703,s/C_color_18_0371.png,s
9704,s/C_color_18_0372.png,s
9705,s/C_color_18_0373.png,s
9706,s/C_color_18_0374.png,s
9707,s/C_color_18_0375.png,s
9708,s/C_color_18_0376.png,s
9709,s/C_color_18_0377.png,s
9710,s/C_color_18_0378.png,s
9711,s/C_color_18_0379.png,s
9712,s/C_color_18_0380.png,s
9713,s/C_color_18_0381.png,s
9714,s/C_color_18_0382.png,s
9715,s/C_color_18_0383.png,s
9716,s/C_color_18_0384.png,s
9717,s/C_color_18_0385.png,s
9718,s/C_color_18_0386.png,s
9719,s/C_color_18_0387.png,s
9720,s/C_color_18_0388.png,s
9721,s/C_color_18_0389.png,s
9722,s/C_color_18_0390.png,s
9723,s/C_color_18_0391.png,s
9724,s/C_color_18_0392.png,s
9725,s/C_color_18_0393.png,s
9726,s/C_color_18_0394.png,s
9727,s/C_color_18_0395.png,s
9728,s/C_color_18_0396.png,s
9729,s/C_color_18_0397.png,s
9730,s/C_color_18_0398.png,s
9731,s/C_color_18_0399.png,s
9732,s/C_color_18_0400.png,s
9733,s/C_color_18_0401.png,s
9734,s/C_color_18_0402.png,s
9735,s/C_color_18_0403.png,s
9736,s/C_color_18_0404.png,s
9737,s/C_color_18_0405.png,s
9738,s/C_color_18_0406.png,s
9739,s/C_color_18_0407.png,s
9740,s/C_color_18_0408.png,s
9741,s/C_color_18_0409.png,s
9742,s/C_color_18_0410.png,s
9743,s/C_color_18_0411.png,s
9744,s/C_color_18_0412.png,s
9745,s/C_color_18_0413.png,s
9746,s/C_color_18_0414.png,s
9747,s/C_color_18_0415.png,s
9748,s/C_color_18_0416.png,s
9749,s/C_color_18_0417.png,s
9750,s/C_color_18_0418.png,s
9751,s/C_color_18_0419.png,s
9752,s/C_color_18_0420.png,s
9753,s/C_color_18_0421.png,s
9754,s/C_color_18_0422.png,s
9755,s/C_color_18_0423.png,s
9756,s/C_color_18_0424.png,s
9757,s/C_color_18_0425.png,s
9758,s/C_color_18_0426.png,s
9759,s/C_color_18_0427.png,s
9760,s/C_color_18_0428.png,s
9761,s/C_color_18_0429.png,s
9762,s/C_color_18_0430.png,s
9763,s/C_color_18_0431.png,s
9764,s/C_color_18_0432.png,s
9765,s/C_color_18_0433.png,s
9766,s/C_color_18_0434.png,s
9767,s/C_color_18_0435.png,s
9768,s/C_color_18_0436.png,s
9769,s/C_color_18_0437.png,s
9770,s/C_color_18_0438.png,s
9771,s/C_color_18_0439.png,s
9772,s/C_color_18_0440.png,s
9773,s/C_color_18_0441.png,s
9774,s/C_color_18_0442.png,s
9775,s/C_color_18_0443.png,s
9776,s/C_color_18_0444.png,s
9777,s/C_color_18_0445.png,s
9778,s/C_color_18_0446.png,s
9779,s/C_color_18_0447.png,s
9780,s/C_color_18_0448.png,s
9781,s/C_color_18_0449.png,s
9782,s/C_color_18_0450.png,s
9783,s/C_color_18_0451.png,s
9784,s/C_color_18_0452.png,s
9785,s/C_color_18_0453.png,s
9786,s/C_color_18_0454.png,s
9787,s/C_color_18_0455.png,s
9788,s/C_color_18_0456.png,s
9789,s/C_color_18_0457.png,s
9790,s/C_color_18_0458.png,s
9791,s/C_color_18_0459.png,s
9792,s/C_color_18_0460.png,s
9793,s/C_color_18_0461.png,s
9794,s/C_color_18_0462.png,s
9795,s/C_color_18_0463.png,s
9796,s/C_color_18_0464.png,s
9797,s/C_color_18_0465.png,s
9798,s/C_color_18_0466.png,s
9799,s/C_color_18_0467.png,s
9800,s/C_color_18_0468.png,s
9801,s/C_color_18_0469.png,s
9802,s/C_color_18_0470.png,s
9803,s/C_color_18_0471.png,s
9804,s/C_color_18_0472.png,s
9805,s/C_color_18_0473.png,s
9806,s/C_color_18_0474.png,s
9807,s/C_color_18_0475.png,s
9808,s/C_color_18_0476.png,s
9809,s/C_color_18_0477.png,s
9810,s/C_color_18_0478.png,s
9811,s/C_color_18_0479.png,s
9812,s/C_color_18_0480.png,s
9813,s/C_color_18_0481.png,s
9814,s/C_color_18_0482.png,s
9815,s/C_color_18_0483.png,s
9816,s/C_color_18_0484.png,s
9817,s/C_color_18_0485.png,s
9818,s/C_color_18_0486.png,s
9819,s/C_color_18_0487.png,s
9820,s/C_color_18_0488.png,s
9821,s/C_color_18_0489.png,s
9822,s/C_color_18_0490.png,s
9823,s/C_color_18_0491.png,s
9824,s/C_color_18_0492.png,s
9825,s/C_color_18_0493.png,s
9826,s/C_color_18_0494.png,s
9827,s/C_color_18_0495.png,s
9828,s/C_color_18_0496.png,s
9829,s/C_color_18_0497.png,s
9830,s/C_color_18_0498.png,s
9831,s/C_color_18_0499.png,s
9832,s/C_color_18_0500.png,s
9833,s/C_color_18_0501.png,s
9834,s/C_color_18_0502.png,s
9835,s/C_color_18_0503.png,s
9836,s/C_color_18_0504.png,s
9837,s/C_color_18_0505.png,s
9838,s/C_color_18_0506.png,s
9839,s/C_color_18_0507.png,s
9840,t/C_color_19_0002.png,t
9841,t/C_color_19_0003.png,t
9842,t/C_color_19_0004.png,t
9843,t/C_color_19_0005.png,t
9844,t/C_color_19_0006.png,t
9845,t/C_color_19_0007.png,t
9846,t/C_color_19_0008.png,t
9847,t/C_color_19_0009.png,t
9848,t/C_color_19_0010.png,t
9849,t/C_color_19_0011.png,t
9850,t/C_color_19_0012.png,t
9851,t/C_color_19_0013.png,t
9852,t/C_color_19_0014.png,t
9853,t/C_color_19_0015.png,t
9854,t/C_color_19_0016.png,t
9855,t/C_color_19_0017.png,t
9856,t/C_color_19_0018.png,t
9857,t/C_color_19_0019.png,t
9858,t/C_color_19_0020.png,t
9859,t/C_color_19_0021.png,t
9860,t/C_color_19_0022.png,t
9861,t/C_color_19_0023.png,t
9862,t/C_color_19_0024.png,t
9863,t/C_color_19_0025.png,t
9864,t/C_color_19_0026.png,t
9865,t/C_color_19_0027.png,t
9866,t/C_color_19_0028.png,t
9867,t/C_color_19_0029.png,t
9868,t/C_color_19_0030.png,t
9869,t/C_color_19_0031.png,t
9870,t/C_color_19_0032.png,t
9871,t/C_color_19_0033.png,t
9872,t/C_color_19_0034.png,t
9873,t/C_color_19_0035.png,t
9874,t/C_color_19_0036.png,t
9875,t/C_color_19_0037.png,t
9876,t/C_color_19_0038.png,t
9877,t/C_color_19_0039.png,t
9878,t/C_color_19_0040.png,t
9879,t/C_color_19_0041.png,t
9880,t/C_color_19_0042.png,t
9881,t/C_color_19_0043.png,t
9882,t/C_color_19_0044.png,t
9883,t/C_color_19_0045.png,t
9884,t/C_color_19_0046.png,t
9885,t/C_color_19_0047.png,t
9886,t/C_color_19_0048.png,t
9887,t/C_color_19_0049.png,t
9888,t/C_color_19_0050.png,t
9889,t/C_color_19_0051.png,t
9890,t/C_color_19_0052.png,t
9891,t/C_color_19_0053.png,t
9892,t/C_color_19_0054.png,t
9893,t/C_color_19_0055.png,t
9894,t/C_color_19_0056.png,t
9895,t/C_color_19_0057.png,t
9896,t/C_color_19_0058.png,t
9897,t/C_color_19_0059.png,t
9898,t/C_color_19_0060.png,t
9899,t/C_color_19_0061.png,t
9900,t/C_color_19_0062.png,t
9901,t/C_color_19_0063.png,t
9902,t/C_color_19_0064.png,t
9903,t/C_color_19_0065.png,t
9904,t/C_color_19_0066.png,t
9905,t/C_color_19_0067.png,t
9906,t/C_color_19_0068.png,t
9907,t/C_color_19_0069.png,t
9908,t/C_color_19_0070.png,t
9909,t/C_color_19_0071.png,t
9910,t/C_color_19_0072.png,t
9911,t/C_color_19_0073.png,t
9912,t/C_color_19_0074.png,t
9913,t/C_color_19_0075.png,t
9914,t/C_color_19_0076.png,t
9915,t/C_color_19_0077.png,t
9916,t/C_color_19_0078.png,t
9917,t/C_color_19_0079.png,t
9918,t/C_color_19_0080.png,t
9919,t/C_color_19_0081.png,t
9920,t/C_color_19_0082.png,t
9921,t/C_color_19_0083.png,t
9922,t/C_color_19_0084.png,t
9923,t/C_color_19_0085.png,t
9924,t/C_color_19_0086.png,t
9925,t/C_color_19_0087.png,t
9926,t/C_color_19_0088.png,t
9927,t/C_color_19_0089.png,t
9928,t/C_color_19_0090.png,t
9929,t/C_color_19_0091.png,t
9930,t/C_color_19_0092.png,t
9931,t/C_color_19_0093.png,t
9932,t/C_color_19_0094.png,t
9933,t/C_color_19_0095.png,t
9934,t/C_color_19_0096.png,t
9935,t/C_color_19_0097.png,t
9936,t/C_color_19_0098.png,t
9937,t/C_color_19_0099.png,t
9938,t/C_color_19_0100.png,t
9939,t/C_color_19_0101.png,t
9940,t/C_color_19_0102.png,t
9941,t/C_color_19_0103.png,t
9942,t/C_color_19_0104.png,t
9943,t/C_color_19_0105.png,t
9944,t/C_color_19_0106.png,t
9945,t/C_color_19_0107.png,t
9946,t/C_color_19_0108.png,t
9947,t/C_color_19_0109.png,t
9948,t/C_color_19_0110.png,t
9949,t/C_color_19_0111.png,t
9950,t/C_color_19_0112.png,t
9951,t/C_color_19_0113.png,t
9952,t/C_color_19_0114.png,t
9953,t/C_color_19_0115.png,t
9954,t/C_color_19_0116.png,t
9955,t/C_color_19_0117.png,t
9956,t/C_color_19_0118.png,a
9957,t/C_color_19_0119.png,t
9958,t/C_color_19_0120.png,t
9959,t/C_color_19_0121.png,t
9960,t/C_color_19_0122.png,t
9961,t/C_color_19_0123.png,t
9962,t/C_color_19_0124.png,t
9963,t/C_color_19_0125.png,t
9964,t/C_color_19_0126.png,t
9965,t/C_color_19_0127.png,t
9966,t/C_color_19_0128.png,t
9967,t/C_color_19_0129.png,t
9968,t/C_color_19_0130.png,t
9969,t/C_color_19_0131.png,t
9970,t/C_color_19_0132.png,t
9971,t/C_color_19_0133.png,t
9972,t/C_color_19_0134.png,t
9973,t/C_color_19_0135.png,t
9974,t/C_color_19_0136.png,t
9975,t/C_color_19_0137.png,t
9976,t/C_color_19_0138.png,t
9977,t/C_color_19_0139.png,t
9978,t/C_color_19_0140.png,t
9979,t/C_color_19_0141.png,t
9980,t/C_color_19_0142.png,t
9981,t/C_color_19_0143.png,t
9982,t/C_color_19_0144.png,t
9983,t/C_color_19_0145.png,t
9984,t/C_color_19_0146.png,t
9985,t/C_color_19_0147.png,t
9986,t/C_color_19_0148.png,t
9987,t/C_color_19_0149.png,t
9988,t/C_color_19_0150.png,a
9989,t/C_color_19_0151.png,t
9990,t/C_color_19_0152.png,t
9991,t/C_color_19_0153.png,a
9992,t/C_color_19_0154.png,a
9993,t/C_color_19_0155.png,a
9994,t/C_color_19_0156.png,a
9995,t/C_color_19_0157.png,t
9996,t/C_color_19_0158.png,t
9997,t/C_color_19_0159.png,t
9998,t/C_color_19_0160.png,t
9999,t/C_color_19_0161.png,n
10000,t/C_color_19_0162.png,n
10001,t/C_color_19_0163.png,n
10002,t/C_color_19_0164.png,n
10003,t/C_color_19_0165.png,n
10004,t/C_color_19_0166.png,n
10005,t/C_color_19_0167.png,n
10006,t/C_color_19_0168.png,n
10007,t/C_color_19_0169.png,n
10008,t/C_color_19_0170.png,n
10009,t/C_color_19_0171.png,n
10010,t/C_color_19_0172.png,n
10011,t/C_color_19_0173.png,t
10012,t/C_color_19_0174.png,a
10013,t/C_color_19_0175.png,a
10014,t/C_color_19_0176.png,p
10015,t/C_color_19_0177.png,i
10016,t/C_color_19_0178.png,i
10017,t/C_color_19_0179.png,i
10018,t/C_color_19_0180.png,i
10019,t/C_color_19_0181.png,n
10020,t/C_color_19_0182.png,n
10021,t/C_color_19_0183.png,n
10022,t/C_color_19_0184.png,n
10023,t/C_color_19_0185.png,n
10024,t/C_color_19_0186.png,n
10025,t/C_color_19_0187.png,n
10026,t/C_color_19_0188.png,t
10027,t/C_color_19_0189.png,t
10028,t/C_color_19_0190.png,t
10029,t/C_color_19_0191.png,t
10030,t/C_color_19_0192.png,a
10031,t/C_color_19_0193.png,a
10032,t/C_color_19_0194.png,a
10033,t/C_color_19_0195.png,a
10034,t/C_color_19_0196.png,a
10035,t/C_color_19_0197.png,a
10036,t/C_color_19_0198.png,t
10037,t/C_color_19_0199.png,t
10038,t/C_color_19_0200.png,t
10039,t/C_color_19_0201.png,t
10040,t/C_color_19_0202.png,t
10041,t/C_color_19_0203.png,t
10042,t/C_color_19_0204.png,t
10043,t/C_color_19_0205.png,t
10044,t/C_color_19_0206.png,t
10045,t/C_color_19_0207.png,t
10046,t/C_color_19_0208.png,t
10047,t/C_color_19_0209.png,t
10048,t/C_color_19_0210.png,t
10049,t/C_color_19_0211.png,t
10050,t/C_color_19_0212.png,t
10051,t/C_color_19_0213.png,t
10052,t/C_color_19_0214.png,t
10053,t/C_color_19_0215.png,t
10054,t/C_color_19_0216.png,t
10055,t/C_color_19_0217.png,t
10056,t/C_color_19_0218.png,t
10057,t/C_color_19_0219.png,t
10058,t/C_color_19_0220.png,t
10059,t/C_color_19_0221.png,t
10060,t/C_color_19_0222.png,t
10061,t/C_color_19_0223.png,t
10062,t/C_color_19_0224.png,t
10063,t/C_color_19_0225.png,t
10064,t/C_color_19_0226.png,t
10065,t/C_color_19_0227.png,t
10066,t/C_color_19_0228.png,t
10067,t/C_color_19_0229.png,t
10068,t/C_color_19_0230.png,t
10069,t/C_color_19_0231.png,t
10070,t/C_color_19_0232.png,t
10071,t/C_color_19_0233.png,t
10072,t/C_color_19_0234.png,t
10073,t/C_color_19_0235.png,t
10074,t/C_color_19_0236.png,t
10075,t/C_color_19_0237.png,t
10076,t/C_color_19_0238.png,t
10077,t/C_color_19_0239.png,t
10078,t/C_color_19_0240.png,t
10079,t/C_color_19_0241.png,t
10080,t/C_color_19_0242.png,t
10081,t/C_color_19_0243.png,t
10082,t/C_color_19_0244.png,t
10083,t/C_color_19_0245.png,t
10084,t/C_color_19_0246.png,t
10085,t/C_color_19_0247.png,t
10086,t/C_color_19_0248.png,t
10087,t/C_color_19_0249.png,t
10088,t/C_color_19_0250.png,t
10089,t/C_color_19_0251.png,t
10090,t/C_color_19_0252.png,t
10091,t/C_color_19_0253.png,t
10092,t/C_color_19_0254.png,t
10093,t/C_color_19_0255.png,t
10094,t/C_color_19_0256.png,t
10095,t/C_color_19_0257.png,t
10096,t/C_color_19_0258.png,t
10097,t/C_color_19_0259.png,t
10098,t/C_color_19_0260.png,t
10099,t/C_color_19_0261.png,t
10100,t/C_color_19_0262.png,t
10101,t/C_color_19_0263.png,t
10102,t/C_color_19_0264.png,t
10103,t/C_color_19_0265.png,t
10104,t/C_color_19_0266.png,p
10105,t/C_color_19_0267.png,p
10106,t/C_color_19_0268.png,p
10107,t/C_color_19_0269.png,p
10108,t/C_color_19_0270.png,p
10109,t/C_color_19_0271.png,p
10110,t/C_color_19_0272.png,p
10111,t/C_color_19_0273.png,p
10112,t/C_color_19_0274.png,p
10113,t/C_color_19_0275.png,p
10114,t/C_color_19_0276.png,p
10115,t/C_color_19_0277.png,p
10116,t/C_color_19_0278.png,p
10117,t/C_color_19_0279.png,p
10118,t/C_color_19_0280.png,p
10119,t/C_color_19_0281.png,p
10120,t/C_color_19_0282.png,p
10121,t/C_color_19_0283.png,t
10122,t/C_color_19_0284.png,t
10123,t/C_color_19_0285.png,t
10124,t/C_color_19_0286.png,t
10125,t/C_color_19_0287.png,t
10126,t/C_color_19_0288.png,t
10127,t/C_color_19_0289.png,t
10128,t/C_color_19_0290.png,t
10129,t/C_color_19_0291.png,t
10130,t/C_color_19_0292.png,t
10131,t/C_color_19_0293.png,t
10132,t/C_color_19_0294.png,t
10133,t/C_color_19_0295.png,t
10134,t/C_color_19_0296.png,t
10135,t/C_color_19_0297.png,t
10136,t/C_color_19_0298.png,t
10137,t/C_color_19_0299.png,t
10138,t/C_color_19_0300.png,t
10139,t/C_color_19_0301.png,p
10140,t/C_color_19_0302.png,p
10141,t/C_color_19_0303.png,p
10142,t/C_color_19_0304.png,p
10143,t/C_color_19_0305.png,p
10144,t/C_color_19_0306.png,p
10145,t/C_color_19_0307.png,p
10146,t/C_color_19_0308.png,p
10147,t/C_color_19_0309.png,p
10148,t/C_color_19_0310.png,p
10149,t/C_color_19_0311.png,t
10150,t/C_color_19_0312.png,t
10151,t/C_color_19_0313.png,t
10152,t/C_color_19_0314.png,t
10153,t/C_color_19_0315.png,t
10154,t/C_color_19_0316.png,t
10155,t/C_color_19_0317.png,t
10156,t/C_color_19_0318.png,t
10157,t/C_color_19_0319.png,t
10158,t/C_color_19_0320.png,t
10159,t/C_color_19_0321.png,t
10160,t/C_color_19_0322.png,t
10161,t/C_color_19_0323.png,t
10162,t/C_color_19_0324.png,t
10163,t/C_color_19_0325.png,t
10164,t/C_color_19_0326.png,t
10165,t/C_color_19_0327.png,t
10166,t/C_color_19_0328.png,t
10167,t/C_color_19_0329.png,t
10168,t/C_color_19_0330.png,t
10169,t/C_color_19_0331.png,t
10170,t/C_color_19_0332.png,t
10171,t/C_color_19_0333.png,t
10172,t/C_color_19_0334.png,t
10173,t/C_color_19_0335.png,t
10174,t/C_color_19_0336.png,t
10175,t/C_color_19_0337.png,t
10176,t/C_color_19_0338.png,t
10177,t/C_color_19_0339.png,t
10178,t/C_color_19_0340.png,t
10179,t/C_color_19_0341.png,t
10180,t/C_color_19_0342.png,t
10181,t/C_color_19_0343.png,t
10182,t/C_color_19_0344.png,t
10183,t/C_color_19_0345.png,t
10184,t/C_color_19_0346.png,t
10185,t/C_color_19_0347.png,t
10186,t/C_color_19_0348.png,t
10187,t/C_color_19_0349.png,t
10188,t/C_color_19_0350.png,t
10189,t/C_color_19_0351.png,t
10190,t/C_color_19_0352.png,t
10191,t/C_color_19_0353.png,t
10192,t/C_color_19_0354.png,t
10193,t/C_color_19_0355.png,t
10194,t/C_color_19_0356.png,t
10195,t/C_color_19_0357.png,t
10196,t/C_color_19_0358.png,t
10197,t/C_color_19_0359.png,t
10198,t/C_color_19_0360.png,t
10199,t/C_color_19_0361.png,t
10200,t/C_color_19_0362.png,t
10201,t/C_color_19_0363.png,t
10202,t/C_color_19_0364.png,t
10203,t/C_color_19_0365.png,t
10204,t/C_color_19_0366.png,t
10205,t/C_color_19_0367.png,t
10206,t/C_color_19_0368.png,t
10207,t/C_color_19_0369.png,t
10208,t/C_color_19_0370.png,t
10209,t/C_color_19_0371.png,t
10210,t/C_color_19_0372.png,t
10211,t/C_color_19_0373.png,t
10212,t/C_color_19_0374.png,t
10213,t/C_color_19_0375.png,t
10214,t/C_color_19_0376.png,t
10215,t/C_color_19_0377.png,t
10216,t/C_color_19_0378.png,t
10217,t/C_color_19_0379.png,t
10218,t/C_color_19_0380.png,t
10219,t/C_color_19_0381.png,t
10220,t/C_color_19_0382.png,t
10221,t/C_color_19_0383.png,t
10222,t/C_color_19_0384.png,t
10223,t/C_color_19_0385.png,t
10224,t/C_color_19_0386.png,t
10225,t/C_color_19_0387.png,t
10226,t/C_color_19_0388.png,t
10227,t/C_color_19_0389.png,t
10228,t/C_color_19_0390.png,t
10229,t/C_color_19_0391.png,t
10230,t/C_color_19_0392.png,t
10231,t/C_color_19_0393.png,t
10232,t/C_color_19_0394.png,t
10233,t/C_color_19_0395.png,t
10234,t/C_color_19_0396.png,t
10235,t/C_color_19_0397.png,t
10236,t/C_color_19_0398.png,t
10237,t/C_color_19_0399.png,t
10238,t/C_color_19_0400.png,t
10239,t/C_color_19_0401.png,t
10240,t/C_color_19_0402.png,t
10241,t/C_color_19_0403.png,t
10242,t/C_color_19_0404.png,t
10243,t/C_color_19_0405.png,t
10244,t/C_color_19_0406.png,t
10245,t/C_color_19_0407.png,t
10246,t/C_color_19_0408.png,t
10247,t/C_color_19_0409.png,t
10248,t/C_color_19_0410.png,t
10249,t/C_color_19_0411.png,t
10250,t/C_color_19_0412.png,t
10251,t/C_color_19_0413.png,t
10252,t/C_color_19_0414.png,t
10253,t/C_color_19_0415.png,t
10254,t/C_color_19_0416.png,t
10255,t/C_color_19_0417.png,t
10256,t/C_color_19_0418.png,t
10257,t/C_color_19_0419.png,t
10258,t/C_color_19_0420.png,t
10259,t/C_color_19_0421.png,t
10260,t/C_color_19_0422.png,t
10261,t/C_color_19_0423.png,t
10262,t/C_color_19_0424.png,t
10263,t/C_color_19_0425.png,t
10264,t/C_color_19_0426.png,t
10265,t/C_color_19_0427.png,t
10266,t/C_color_19_0428.png,t
10267,t/C_color_19_0429.png,t
10268,t/C_color_19_0430.png,t
10269,t/C_color_19_0431.png,t
10270,t/C_color_19_0432.png,t
10271,t/C_color_19_0433.png,t
10272,t/C_color_19_0434.png,t
10273,t/C_color_19_0435.png,t
10274,t/C_color_19_0436.png,t
10275,t/C_color_19_0437.png,t
10276,t/C_color_19_0438.png,t
10277,t/C_color_19_0439.png,t
10278,t/C_color_19_0440.png,t
10279,t/C_color_19_0441.png,t
10280,t/C_color_19_0442.png,t
10281,t/C_color_19_0443.png,t
10282,t/C_color_19_0444.png,t
10283,t/C_color_19_0445.png,t
10284,t/C_color_19_0446.png,t
10285,t/C_color_19_0447.png,t
10286,t/C_color_19_0448.png,t
10287,t/C_color_19_0449.png,t
10288,t/C_color_19_0450.png,t
10289,t/C_color_19_0451.png,t
10290,t/C_color_19_0452.png,t
10291,t/C_color_19_0453.png,t
10292,t/C_color_19_0454.png,t
10293,t/C_color_19_0455.png,t
10294,t/C_color_19_0456.png,t
10295,t/C_color_19_0457.png,t
10296,t/C_color_19_0458.png,t
10297,t/C_color_19_0459.png,t
10298,t/C_color_19_0460.png,t
10299,t/C_color_19_0461.png,t
10300,t/C_color_19_0462.png,t
10301,t/C_color_19_0463.png,t
10302,t/C_color_19_0464.png,t
10303,t/C_color_19_0465.png,t
10304,t/C_color_19_0466.png,t
10305,t/C_color_19_0467.png,t
10306,t/C_color_19_0468.png,t
10307,t/C_color_19_0469.png,t
10308,t/C_color_19_0470.png,t
10309,t/C_color_19_0471.png,t
10310,t/C_color_19_0472.png,t
10311,t/C_color_19_0473.png,t
10312,t/C_color_19_0474.png,t
10313,t/C_color_19_0475.png,t
10314,t/C_color_19_0476.png,t
10315,t/C_color_19_0477.png,t
10316,t/C_color_19_0478.png,t
10317,t/C_color_19_0479.png,t
10318,t/C_color_19_0480.png,t
10319,t/C_color_19_0481.png,t
10320,t/C_color_19_0482.png,t
10321,t/C_color_19_0483.png,t
10322,t/C_color_19_0484.png,t
10323,t/C_color_19_0485.png,t
10324,t/C_color_19_0486.png,t
10325,t/C_color_19_0487.png,t
10326,t/C_color_19_0488.png,t
10327,t/C_color_19_0489.png,t
10328,t/C_color_19_0490.png,t
10329,t/C_color_19_0491.png,t
10330,t/C_color_19_0492.png,t
10331,t/C_color_19_0493.png,t
10332,t/C_color_19_0494.png,t
10333,t/C_color_19_0495.png,t
10334,t/C_color_19_0496.png,t
10335,t/C_color_19_0497.png,t
10336,t/C_color_19_0498.png,t
10337,t/C_color_19_0499.png,t
10338,t/C_color_19_0500.png,t
10339,t/C_color_19_0501.png,t
10340,t/C_color_19_0502.png,t
10341,t/C_color_19_0503.png,t
10342,t/C_color_19_0504.png,t
10343,t/C_color_19_0505.png,t
10344,t/C_color_19_0506.png,t
10345,t/C_color_19_0507.png,t
10346,t/C_color_19_0508.png,t
10347,t/C_color_19_0509.png,t
10348,t/C_color_19_0510.png,t
10349,t/C_color_19_0511.png,t
10350,t/C_color_19_0512.png,t
10351,t/C_color_19_0513.png,t
10352,t/C_color_19_0514.png,t
10353,t/C_color_19_0515.png,t
10354,t/C_color_19_0516.png,t
10355,t/C_color_19_0517.png,t
10356,t/C_color_19_0518.png,t
10357,t/C_color_19_0519.png,t
10358,t/C_color_19_0520.png,t
10359,t/C_color_19_0521.png,t
10360,t/C_color_19_0522.png,t
10361,t/C_color_19_0523.png,t
10362,t/C_color_19_0524.png,t
10363,t/C_color_19_0525.png,t
10364,t/C_color_19_0526.png,t
10365,t/C_color_19_0527.png,t
10366,t/C_color_19_0528.png,t
10367,t/C_color_19_0529.png,t
10368,u/C_color_20_0002.png,u
10369,u/C_color_20_0003.png,u
10370,u/C_color_20_0004.png,u
10371,u/C_color_20_0005.png,u
10372,u/C_color_20_0006.png,u
10373,u/C_color_20_0007.png,u
10374,u/C_color_20_0008.png,u
10375,u/C_color_20_0009.png,u
10376,u/C_color_20_0010.png,u
10377,u/C_color_20_0011.png,u
10378,u/C_color_20_0012.png,u
10379,u/C_color_20_0013.png,u
10380,u/C_color_20_0014.png,u
10381,u/C_color_20_0015.png,u
10382,u/C_color_20_0016.png,u
10383,u/C_color_20_0017.png,u
10384,u/C_color_20_0018.png,u
10385,u/C_color_20_0019.png,u
10386,u/C_color_20_0020.png,u
10387,u/C_color_20_0021.png,u
10388,u/C_color_20_0022.png,u
10389,u/C_color_20_0023.png,u
10390,u/C_color_20_0024.png,u
10391,u/C_color_20_0025.png,u
10392,u/C_color_20_0026.png,u
10393,u/C_color_20_0027.png,u
10394,u/C_color_20_0028.png,u
10395,u/C_color_20_0029.png,u
10396,u/C_color_20_0030.png,u
10397,u/C_color_20_0031.png,u
10398,u/C_color_20_0032.png,u
10399,u/C_color_20_0033.png,u
10400,u/C_color_20_0034.png,u
10401,u/C_color_20_0035.png,u
10402,u/C_color_20_0036.png,u
10403,u/C_color_20_0037.png,u
10404,u/C_color_20_0038.png,u
10405,u/C_color_20_0039.png,u
10406,u/C_color_20_0040.png,u
10407,u/C_color_20_0041.png,u
10408,u/C_color_20_0042.png,u
10409,u/C_color_20_0043.png,u
10410,u/C_color_20_0044.png,u
10411,u/C_color_20_0045.png,u
10412,u/C_color_20_0046.png,u
10413,u/C_color_20_0047.png,u
10414,u/C_color_20_0048.png,u
10415,u/C_color_20_0049.png,u
10416,u/C_color_20_0050.png,u
10417,u/C_color_20_0051.png,u
10418,u/C_color_20_0052.png,u
10419,u/C_color_20_0053.png,u
10420,u/C_color_20_0054.png,u
10421,u/C_color_20_0055.png,u
10422,u/C_color_20_0056.png,u
10423,u/C_color_20_0057.png,u
10424,u/C_color_20_0058.png,u
10425,u/C_color_20_0059.png,u
10426,u/C_color_20_0060.png,u
10427,u/C_color_20_0061.png,u
10428,u/C_color_20_0062.png,u
10429,u/C_color_20_0063.png,u
10430,u/C_color_20_0064.png,u
10431,u/C_color_20_0065.png,u
10432,u/C_color_20_0066.png,u
10433,u/C_color_20_0067.png,u
10434,u/C_color_20_0068.png,u
10435,u/C_color_20_0069.png,u
10436,u/C_color_20_0070.png,u
10437,u/C_color_20_0071.png,u
10438,u/C_color_20_0072.png,u
10439,u/C_color_20_0073.png,u
10440,u/C_color_20_0074.png,u
10441,u/C_color_20_0075.png,u
10442,u/C_color_20_0076.png,u
10443,u/C_color_20_0077.png,u
10444,u/C_color_20_0078.png,u
10445,u/C_color_20_0079.png,u
10446,u/C_color_20_0080.png,u
10447,u/C_color_20_0081.png,u
10448,u/C_color_20_0082.png,u
10449,u/C_color_20_0083.png,u
10450,u/C_color_20_0084.png,u
10451,u/C_color_20_0085.png,u
10452,u/C_color_20_0086.png,u
10453,u/C_color_20_0087.png,u
10454,u/C_color_20_0088.png,u
10455,u/C_color_20_0089.png,u
10456,u/C_color_20_0090.png,u
10457,u/C_color_20_0091.png,u
10458,u/C_color_20_0092.png,u
10459,u/C_color_20_0093.png,u
10460,u/C_color_20_0094.png,u
10461,u/C_color_20_0095.png,u
10462,u/C_color_20_0096.png,u
10463,u/C_color_20_0097.png,u
10464,u/C_color_20_0098.png,u
10465,u/C_color_20_0099.png,u
10466,u/C_color_20_0100.png,u
10467,u/C_color_20_0101.png,u
10468,u/C_color_20_0102.png,u
10469,u/C_color_20_0103.png,u
10470,u/C_color_20_0104.png,u
10471,u/C_color_20_0105.png,u
10472,u/C_color_20_0106.png,u
10473,u/C_color_20_0107.png,u
10474,u/C_color_20_0108.png,u
10475,u/C_color_20_0109.png,u
10476,u/C_color_20_0110.png,u
10477,u/C_color_20_0111.png,u
10478,u/C_color_20_0112.png,u
10479,u/C_color_20_0113.png,u
10480,u/C_color_20_0114.png,u
10481,u/C_color_20_0115.png,u
10482,u/C_color_20_0116.png,u
10483,u/C_color_20_0117.png,u
10484,u/C_color_20_0118.png,u
10485,u/C_color_20_0119.png,u
10486,u/C_color_20_0120.png,u
10487,u/C_color_20_0121.png,u
10488,u/C_color_20_0122.png,u
10489,u/C_color_20_0123.png,u
10490,u/C_color_20_0124.png,u
10491,u/C_color_20_0125.png,u
10492,u/C_color_20_0126.png,u
10493,u/C_color_20_0127.png,u
10494,u/C_color_20_0128.png,u
10495,u/C_color_20_0129.png,u
10496,u/C_color_20_0130.png,u
10497,u/C_color_20_0131.png,u
10498,u/C_color_20_0132.png,u
10499,u/C_color_20_0133.png,u
10500,u/C_color_20_0134.png,u
10501,u/C_color_20_0135.png,u
10502,u/C_color_20_0136.png,u
10503,u/C_color_20_0137.png,u
10504,u/C_color_20_0138.png,u
10505,u/C_color_20_0139.png,u
10506,u/C_color_20_0140.png,u
10507,u/C_color_20_0141.png,u
10508,u/C_color_20_0142.png,u
10509,u/C_color_20_0143.png,u
10510,u/C_color_20_0144.png,u
10511,u/C_color_20_0145.png,u
10512,u/C_color_20_0146.png,u
10513,u/C_color_20_0147.png,u
10514,u/C_color_20_0148.png,u
10515,u/C_color_20_0149.png,u
10516,u/C_color_20_0150.png,u
10517,u/C_color_20_0151.png,u
10518,u/C_color_20_0152.png,u
10519,u/C_color_20_0153.png,u
10520,u/C_color_20_0154.png,u
10521,u/C_color_20_0155.png,u
10522,u/C_color_20_0156.png,u
10523,u/C_color_20_0157.png,u
10524,u/C_color_20_0158.png,u
10525,u/C_color_20_0159.png,u
10526,u/C_color_20_0160.png,u
10527,u/C_color_20_0161.png,u
10528,u/C_color_20_0162.png,u
10529,u/C_color_20_0163.png,u
10530,u/C_color_20_0164.png,u
10531,u/C_color_20_0165.png,u
10532,u/C_color_20_0166.png,u
10533,u/C_color_20_0167.png,u
10534,u/C_color_20_0168.png,u
10535,u/C_color_20_0169.png,u
10536,u/C_color_20_0170.png,u
10537,u/C_color_20_0171.png,u
10538,u/C_color_20_0172.png,u
10539,u/C_color_20_0173.png,u
10540,u/C_color_20_0174.png,u
10541,u/C_color_20_0175.png,u
10542,u/C_color_20_0176.png,u
10543,u/C_color_20_0177.png,u
10544,u/C_color_20_0178.png,u
10545,u/C_color_20_0179.png,u
10546,u/C_color_20_0180.png,u
10547,u/C_color_20_0181.png,u
10548,u/C_color_20_0182.png,u
10549,u/C_color_20_0183.png,u
10550,u/C_color_20_0184.png,u
10551,u/C_color_20_0185.png,u
10552,u/C_color_20_0186.png,u
10553,u/C_color_20_0187.png,u
10554,u/C_color_20_0188.png,u
10555,u/C_color_20_0189.png,u
10556,u/C_color_20_0190.png,u
10557,u/C_color_20_0191.png,u
10558,u/C_color_20_0192.png,u
10559,u/C_color_20_0193.png,u
10560,u/C_color_20_0194.png,u
10561,u/C_color_20_0195.png,u
10562,u/C_color_20_0196.png,u
10563,u/C_color_20_0197.png,u
10564,u/C_color_20_0198.png,u
10565,u/C_color_20_0199.png,u
10566,u/C_color_20_0200.png,u
10567,u/C_color_20_0201.png,u
10568,u/C_color_20_0202.png,u
10569,u/C_color_20_0203.png,u
10570,u/C_color_20_0204.png,u
10571,u/C_color_20_0205.png,u
10572,u/C_color_20_0206.png,u
10573,u/C_color_20_0207.png,u
10574,u/C_color_20_0208.png,u
10575,u/C_color_20_0209.png,u
10576,u/C_color_20_0210.png,u
10577,u/C_color_20_0211.png,u
10578,u/C_color_20_0212.png,u
10579,u/C_color_20_0213.png,u
10580,u/C_color_20_0214.png,u
10581,u/C_color_20_0215.png,u
10582,u/C_color_20_0216.png,u
10583,u/C_color_20_0217.png,u
10584,u/C_color_20_0218.png,u
10585,u/C_color_20_0219.png,u
10586,u/C_color_20_0220.png,u
10587,u/C_color_20_0221.png,u
10588,u/C_color_20_0222.png,u
10589,u/C_color_20_0223.png,u
10590,u/C_color_20_0224.png,u
10591,u/C_color_20_0225.png,u
10592,u/C_color_20_0226.png,u
10593,u/C_color_20_0227.png,u
10594,u/C_color_20_0228.png,u
10595,u/C_color_20_0229.png,u
10596,u/C_color_20_0230.png,u
10597,u/C_color_20_0231.png,u
10598,u/C_color_20_0232.png,u
10599,u/C_color_20_0233.png,u
10600,u/C_color_20_0234.png,u
10601,u/C_color_20_0235.png,u
10602,u/C_color_20_0236.png,u
10603,u/C_color_20_0237.png,u
10604,u/C_color_20_0238.png,u
10605,u/C_color_20_0239.png,u
10606,u/C_color_20_0240.png,u
10607,u/C_color_20_0241.png,u
10608,u/C_color_20_0242.png,u
10609,u/C_color_20_0243.png,u
10610,u/C_color_20_0244.png,u
10611,u/C_color_20_0245.png,u
10612,u/C_color_20_0246.png,u
10613,u/C_color_20_0247.png,u
10614,u/C_color_20_0248.png,u
10615,u/C_color_20_0249.png,u
10616,u/C_color_20_0250.png,u
10617,u/C_color_20_0251.png,u
10618,u/C_color_20_0252.png,u
10619,u/C_color_20_0253.png,u
10620,u/C_color_20_0254.png,u
10621,u/C_color_20_0255.png,u
10622,u/C_color_20_0256.png,u
10623,u/C_color_20_0257.png,u
10624,u/C_color_20_0258.png,u
10625,u/C_color_20_0259.png,u
10626,u/C_color_20_0260.png,u
10627,u/C_color_20_0261.png,u
10628,u/C_color_20_0262.png,u
10629,u/C_color_20_0263.png,u
10630,u/C_color_20_0264.png,u
10631,u/C_color_20_0265.png,u
10632,u/C_color_20_0266.png,u
10633,u/C_color_20_0267.png,u
10634,u/C_color_20_0268.png,u
10635,u/C_color_20_0269.png,u
10636,u/C_color_20_0270.png,u
10637,u/C_color_20_0271.png,u
10638,u/C_color_20_0272.png,u
10639,u/C_color_20_0273.png,u
10640,u/C_color_20_0274.png,u
10641,u/C_color_20_0275.png,u
10642,u/C_color_20_0276.png,u
10643,u/C_color_20_0277.png,u
10644,u/C_color_20_0278.png,u
10645,u/C_color_20_0279.png,u
10646,u/C_color_20_0280.png,u
10647,u/C_color_20_0281.png,u
10648,u/C_color_20_0282.png,u
10649,u/C_color_20_0283.png,u
10650,u/C_color_20_0284.png,u
10651,u/C_color_20_0285.png,u
10652,u/C_color_20_0286.png,u
10653,u/C_color_20_0287.png,u
10654,u/C_color_20_0288.png,u
10655,u/C_color_20_0289.png,u
10656,u/C_color_20_0290.png,u
10657,u/C_color_20_0291.png,u
10658,u/C_color_20_0292.png,u
10659,u/C_color_20_0293.png,u
10660,u/C_color_20_0294.png,u
10661,u/C_color_20_0295.png,u
10662,u/C_color_20_0296.png,u
10663,u/C_color_20_0297.png,u
10664,u/C_color_20_0298.png,u
10665,u/C_color_20_0299.png,u
10666,u/C_color_20_0300.png,u
10667,u/C_color_20_0301.png,u
10668,u/C_color_20_0302.png,u
10669,u/C_color_20_0303.png,u
10670,u/C_color_20_0304.png,u
10671,u/C_color_20_0305.png,u
10672,u/C_color_20_0306.png,u
10673,u/C_color_20_0307.png,u
10674,u/C_color_20_0308.png,u
10675,u/C_color_20_0309.png,u
10676,u/C_color_20_0310.png,u
10677,u/C_color_20_0311.png,u
10678,u/C_color_20_0312.png,u
10679,u/C_color_20_0313.png,u
10680,u/C_color_20_0314.png,u
10681,u/C_color_20_0315.png,u
10682,u/C_color_20_0316.png,u
10683,u/C_color_20_0317.png,u
10684,u/C_color_20_0318.png,u
10685,u/C_color_20_0319.png,u
10686,u/C_color_20_0320.png,u
10687,u/C_color_20_0321.png,u
10688,u/C_color_20_0322.png,u
10689,u/C_color_20_0323.png,u
10690,u/C_color_20_0324.png,u
10691,u/C_color_20_0325.png,u
10692,u/C_color_20_0326.png,u
10693,u/C_color_20_0327.png,u
10694,u/C_color_20_0328.png,u
10695,u/C_color_20_0329.png,u
10696,u/C_color_20_0330.png,u
10697,u/C_color_20_0331.png,u
10698,u/C_color_20_0332.png,u
10699,u/C_color_20_0333.png,u
10700,u/C_color_20_0334.png,u
10701,u/C_color_20_0335.png,u
10702,u/C_color_20_0336.png,u
10703,u/C_color_20_0337.png,u
10704,u/C_color_20_0338.png,u
10705,u/C_color_20_0339.png,u
10706,u/C_color_20_0340.png,u
10707,u/C_color_20_0341.png,u
10708,u/C_color_20_0342.png,u
10709,u/C_color_20_0343.png,u
10710,u/C_color_20_0344.png,u
10711,u/C_color_20_0345.png,u
10712,u/C_color_20_0346.png,u
10713,u/C_color_20_0347.png,u
10714,u/C_color_20_0348.png,v
10715,u/C_color_20_0349.png,v
10716,u/C_color_20_0350.png,v
10717,u/C_color_20_0351.png,u
10718,u/C_color_20_0352.png,v
10719,u/C_color_20_0353.png,u
10720,u/C_color_20_0354.png,u
10721,u/C_color_20_0355.png,u
10722,u/C_color_20_0356.png,u
10723,u/C_color_20_0357.png,u
10724,u/C_color_20_0358.png,u
10725,u/C_color_20_0359.png,u
10726,u/C_color_20_0360.png,u
10727,u/C_color_20_0361.png,u
10728,u/C_color_20_0362.png,u
10729,u/C_color_20_0363.png,u
10730,u/C_color_20_0364.png,u
10731,u/C_color_20_0365.png,u
10732,u/C_color_20_0366.png,u
10733,u/C_color_20_0367.png,u
10734,u/C_color_20_0368.png,u
10735,u/C_color_20_0369.png,u
10736,u/C_color_20_0370.png,u
10737,u/C_color_20_0371.png,u
10738,u/C_color_20_0372.png,u
10739,u/C_color_20_0373.png,u
10740,u/C_color_20_0374.png,u
10741,u/C_color_20_0375.png,u
10742,u/C_color_20_0376.png,u
10743,u/C_color_20_0377.png,v
10744,u/C_color_20_0378.png,v
10745,u/C_color_20_0379.png,v
10746,u/C_color_20_0380.png,v
10747,u/C_color_20_0381.png,v
10748,u/C_color_20_0382.png,v
10749,u/C_color_20_0383.png,v
10750,u/C_color_20_0384.png,v
10751,u/C_color_20_0385.png,v
10752,u/C_color_20_0386.png,u
10753,u/C_color_20_0387.png,v
10754,u/C_color_20_0388.png,u
10755,u/C_color_20_0389.png,u
10756,u/C_color_20_0390.png,u
10757,u/C_color_20_0391.png,u
10758,u/C_color_20_0392.png,u
10759,u/C_color_20_0393.png,u
10760,u/C_color_20_0394.png,u
10761,u/C_color_20_0395.png,u
10762,u/C_color_20_0396.png,u
10763,u/C_color_20_0397.png,u
10764,u/C_color_20_0398.png,u
10765,u/C_color_20_0399.png,u
10766,u/C_color_20_0400.png,u
10767,u/C_color_20_0401.png,u
10768,u/C_color_20_0402.png,u
10769,u/C_color_20_0403.png,u
10770,u/C_color_20_0404.png,u
10771,u/C_color_20_0405.png,u
10772,u/C_color_20_0406.png,u
10773,u/C_color_20_0407.png,u
10774,u/C_color_20_0408.png,v
10775,u/C_color_20_0409.png,v
10776,u/C_color_20_0410.png,u
10777,u/C_color_20_0411.png,u
10778,u/C_color_20_0412.png,u
10779,u/C_color_20_0413.png,u
10780,u/C_color_20_0414.png,u
10781,u/C_color_20_0415.png,u
10782,u/C_color_20_0416.png,u
10783,u/C_color_20_0417.png,u
10784,u/C_color_20_0418.png,u
10785,u/C_color_20_0419.png,u
10786,u/C_color_20_0420.png,u
10787,u/C_color_20_0421.png,u
10788,u/C_color_20_0422.png,u
10789,u/C_color_20_0423.png,u
10790,u/C_color_20_0424.png,u
10791,u/C_color_20_0425.png,u
10792,u/C_color_20_0426.png,u
10793,u/C_color_20_0427.png,u
10794,u/C_color_20_0428.png,u
10795,u/C_color_20_0429.png,u
10796,u/C_color_20_0430.png,u
10797,u/C_color_20_0431.png,u
10798,u/C_color_20_0432.png,u
10799,u/C_color_20_0433.png,u
10800,u/C_color_20_0434.png,u
10801,u/C_color_20_0435.png,u
10802,u/C_color_20_0436.png,u
10803,u/C_color_20_0437.png,u
10804,u/C_color_20_0438.png,u
10805,u/C_color_20_0439.png,u
10806,u/C_color_20_0440.png,u
10807,u/C_color_20_0441.png,u
10808,u/C_color_20_0442.png,u
10809,u/C_color_20_0443.png,u
10810,u/C_color_20_0444.png,u
10811,u/C_color_20_0445.png,u
10812,u/C_color_20_0446.png,u
10813,u/C_color_20_0447.png,u
10814,u/C_color_20_0448.png,u
10815,u/C_color_20_0449.png,u
10816,u/C_color_20_0450.png,u
10817,u/C_color_20_0451.png,u
10818,u/C_color_20_0452.png,u
10819,u/C_color_20_0453.png,u
10820,u/C_color_20_0454.png,u
10821,u/C_color_20_0455.png,u
10822,u/C_color_20_0456.png,u
10823,u/C_color_20_0457.png,u
10824,u/C_color_20_0458.png,u
10825,u/C_color_20_0459.png,u
10826,u/C_color_20_0460.png,u
10827,u/C_color_20_0461.png,u
10828,u/C_color_20_0462.png,u
10829,u/C_color_20_0463.png,u
10830,u/C_color_20_0464.png,u
10831,u/C_color_20_0465.png,u
10832,u/C_color_20_0466.png,u
10833,u/C_color_20_0467.png,u
10834,u/C_color_20_0468.png,u
10835,u/C_color_20_0469.png,u
10836,u/C_color_20_0470.png,v
10837,u/C_color_20_0471.png,u
10838,u/C_color_20_0472.png,u
10839,u/C_color_20_0473.png,u
10840,u/C_color_20_0474.png,u
10841,u/C_color_20_0475.png,u
10842,u/C_color_20_0476.png,u
10843,u/C_color_20_0477.png,u
10844,u/C_color_20_0478.png,u
10845,u/C_color_20_0479.png,u
10846,u/C_color_20_0480.png,u
10847,u/C_color_20_0481.png,u
10848,u/C_color_20_0482.png,u
10849,u/C_color_20_0483.png,u
10850,u/C_color_20_0484.png,u
10851,u/C_color_20_0485.png,u
10852,u/C_color_20_0486.png,u
10853,u/C_color_20_0487.png,u
10854,u/C_color_20_0488.png,u
10855,u/C_color_20_0489.png,u
10856,u/C_color_20_0490.png,u
10857,u/C_color_20_0491.png,u
10858,u/C_color_20_0492.png,u
10859,u/C_color_20_0493.png,u
10860,u/C_color_20_0494.png,u
10861,u/C_color_20_0495.png,u
10862,u/C_color_20_0496.png,u
10863,u/C_color_20_0497.png,u
10864,u/C_color_20_0498.png,u
10865,u/C_color_20_0499.png,u
10866,u/C_color_20_0500.png,u
10867,u/C_color_20_0501.png,u
10868,u/C_color_20_0502.png,u
10869,u/C_color_20_0503.png,u
10870,u/C_color_20_0504.png,u
10871,u/C_color_20_0505.png,u
10872,u/C_color_20_0506.png,u
10873,u/C_color_20_0507.png,u
10874,u/C_color_20_0508.png,u
10875,u/C_color_20_0509.png,u
10876,u/C_color_20_0510.png,u
10877,u/C_color_20_0511.png,u
10878,u/C_color_20_0512.png,u
10879,u/C_color_20_0513.png,u
10880,u/C_color_20_0514.png,u
10881,u/C_color_20_0515.png,u
10882,u/C_color_20_0516.png,u
10883,u/C_color_20_0517.png,u
10884,u/C_color_20_0518.png,u
10885,u/C_color_20_0519.png,u
10886,u/C_color_20_0520.png,r
10887,u/C_color_20_0521.png,u
10888,u/C_color_20_0522.png,u
10889,u/C_color_20_0523.png,u
10890,u/C_color_20_0524.png,u
10891,u/C_color_20_0525.png,u
10892,u/C_color_20_0526.png,u
10893,u/C_color_20_0527.png,u
10894,u/C_color_20_0528.png,u
10895,u/C_color_20_0529.png,u
10896,u/C_color_20_0530.png,u
10897,v/C_color_21_0002.png,v
10898,v/C_color_21_0003.png,v
10899,v/C_color_21_0004.png,v
10900,v/C_color_21_0005.png,v
10901,v/C_color_21_0006.png,v
10902,v/C_color_21_0007.png,v
10903,v/C_color_21_0008.png,v
10904,v/C_color_21_0009.png,v
10905,v/C_color_21_0010.png,v
10906,v/C_color_21_0011.png,v
10907,v/C_color_21_0012.png,v
10908,v/C_color_21_0013.png,v
10909,v/C_color_21_0014.png,v
10910,v/C_color_21_0015.png,v
10911,v/C_color_21_0016.png,v
10912,v/C_color_21_0017.png,v
10913,v/C_color_21_0018.png,v
10914,v/C_color_21_0019.png,v
10915,v/C_color_21_0020.png,v
10916,v/C_color_21_0021.png,v
10917,v/C_color_21_0022.png,v
10918,v/C_color_21_0023.png,v
10919,v/C_color_21_0024.png,v
10920,v/C_color_21_0025.png,v
10921,v/C_color_21_0026.png,v
10922,v/C_color_21_0027.png,v
10923,v/C_color_21_0028.png,v
10924,v/C_color_21_0029.png,v
10925,v/C_color_21_0030.png,v
10926,v/C_color_21_0031.png,v
10927,v/C_color_21_0032.png,v
10928,v/C_color_21_0033.png,v
10929,v/C_color_21_0034.png,v
10930,v/C_color_21_0035.png,v
10931,v/C_color_21_0036.png,v
10932,v/C_color_21_0037.png,v
10933,v/C_color_21_0038.png,v
10934,v/C_color_21_0039.png,v
10935,v/C_color_21_0040.png,v
10936,v/C_color_21_0041.png,v
10937,v/C_color_21_0042.png,v
10938,v/C_color_21_0043.png,v
10939,v/C_color_21_0044.png,v
10940,v/C_color_21_0045.png,v
10941,v/C_color_21_0046.png,v
10942,v/C_color_21_0047.png,v
10943,v/C_color_21_0048.png,v
10944,v/C_color_21_0049.png,v
10945,v/C_color_21_0050.png,v
10946,v/C_color_21_0051.png,v
10947,v/C_color_21_0052.png,v
10948,v/C_color_21_0053.png,v
10949,v/C_color_21_0054.png,v
10950,v/C_color_21_0055.png,v
10951,v/C_color_21_0056.png,v
10952,v/C_color_21_0057.png,v
10953,v/C_color_21_0058.png,v
10954,v/C_color_21_0059.png,v
10955,v/C_color_21_0060.png,v
10956,v/C_color_21_0061.png,v
10957,v/C_color_21_0062.png,v
10958,v/C_color_21_0063.png,v
10959,v/C_color_21_0064.png,v
10960,v/C_color_21_0065.png,v
10961,v/C_color_21_0066.png,v
10962,v/C_color_21_0067.png,v
10963,v/C_color_21_0068.png,v
10964,v/C_color_21_0069.png,v
10965,v/C_color_21_0070.png,v
10966,v/C_color_21_0071.png,v
10967,v/C_color_21_0072.png,v
10968,v/C_color_21_0073.png,v
10969,v/C_color_21_0074.png,v
10970,v/C_color_21_0075.png,v
10971,v/C_color_21_0076.png,v
10972,v/C_color_21_0077.png,v
10973,v/C_color_21_0078.png,v
10974,v/C_color_21_0079.png,v
10975,v/C_color_21_0080.png,v
10976,v/C_color_21_0081.png,v
10977,v/C_color_21_0082.png,v
10978,v/C_color_21_0083.png,v
10979,v/C_color_21_0084.png,v
10980,v/C_color_21_0085.png,v
10981,v/C_color_21_0086.png,v
10982,v/C_color_21_0087.png,v
10983,v/C_color_21_0088.png,v
10984,v/C_color_21_0089.png,v
10985,v/C_color_21_0090.png,v
10986,v/C_color_21_0091.png,v
10987,v/C_color_21_0092.png,v
10988,v/C_color_21_0093.png,v
10989,v/C_color_21_0094.png,v
10990,v/C_color_21_0095.png,v
10991,v/C_color_21_0096.png,v
10992,v/C_color_21_0097.png,v
10993,v/C_color_21_0098.png,r
10994,v/C_color_21_0099.png,r
10995,v/C_color_21_0100.png,r
10996,v/C_color_21_0101.png,r
10997,v/C_color_21_0102.png,r
10998,v/C_color_21_0103.png,r
10999,v/C_color_21_0104.png,k
11000,v/C_color_21_0105.png,r
11001,v/C_color_21_0106.png,r
11002,v/C_color_21_0107.png,r
11003,v/C_color_21_0108.png,v
11004,v/C_color_21_0109.png,v
11005,v/C_color_21_0110.png,v
11006,v/C_color_21_0111.png,v
11007,v/C_color_21_0112.png,v
11008,v/C_color_21_0113.png,v
11009,v/C_color_21_0114.png,v
11010,v/C_color_21_0115.png,v
11011,v/C_color_21_0116.png,v
11012,v/C_color_21_0117.png,v
11013,v/C_color_21_0118.png,v
11014,v/C_color_21_0119.png,v
11015,v/C_color_21_0120.png,v
11016,v/C_color_21_0121.png,v
11017,v/C_color_21_0122.png,v
11018,v/C_color_21_0123.png,v
11019,v/C_color_21_0124.png,v
11020,v/C_color_21_0125.png,v
11021,v/C_color_21_0126.png,v
11022,v/C_color_21_0127.png,v
11023,v/C_color_21_0128.png,v
11024,v/C_color_21_0129.png,v
11025,v/C_color_21_0130.png,v
11026,v/C_color_21_0131.png,v
11027,v/C_color_21_0132.png,v
11028,v/C_color_21_0133.png,v
11029,v/C_color_21_0134.png,v
11030,v/C_color_21_0135.png,v
11031,v/C_color_21_0136.png,v
11032,v/C_color_21_0137.png,v
11033,v/C_color_21_0138.png,v
11034,v/C_color_21_0139.png,v
11035,v/C_color_21_0140.png,v
11036,v/C_color_21_0141.png,v
11037,v/C_color_21_0142.png,v
11038,v/C_color_21_0143.png,v
11039,v/C_color_21_0144.png,v
11040,v/C_color_21_0145.png,v
11041,v/C_color_21_0146.png,v
11042,v/C_color_21_0147.png,v
11043,v/C_color_21_0148.png,v
11044,v/C_color_21_0149.png,v
11045,v/C_color_21_0150.png,v
11046,v/C_color_21_0151.png,v
11047,v/C_color_21_0152.png,v
11048,v/C_color_21_0153.png,v
11049,v/C_color_21_0154.png,v
11050,v/C_color_21_0155.png,v
11051,v/C_color_21_0156.png,v
11052,v/C_color_21_0157.png,v
11053,v/C_color_21_0158.png,v
11054,v/C_color_21_0159.png,v
11055,v/C_color_21_0160.png,v
11056,v/C_color_21_0161.png,v
11057,v/C_color_21_0162.png,v
11058,v/C_color_21_0163.png,w
11059,v/C_color_21_0164.png,w
11060,v/C_color_21_0165.png,w
11061,v/C_color_21_0166.png,w
11062,v/C_color_21_0167.png,w
11063,v/C_color_21_0168.png,w
11064,v/C_color_21_0169.png,w
11065,v/C_color_21_0170.png,w
11066,v/C_color_21_0171.png,w
11067,v/C_color_21_0172.png,v
11068,v/C_color_21_0173.png,v
11069,v/C_color_21_0174.png,v
11070,v/C_color_21_0175.png,v
11071,v/C_color_21_0176.png,v
11072,v/C_color_21_0177.png,v
11073,v/C_color_21_0178.png,v
11074,v/C_color_21_0179.png,v
11075,v/C_color_21_0180.png,v
11076,v/C_color_21_0181.png,v
11077,v/C_color_21_0182.png,v
11078,v/C_color_21_0183.png,v
11079,v/C_color_21_0184.png,v
11080,v/C_color_21_0185.png,v
11081,v/C_color_21_0186.png,v
11082,v/C_color_21_0187.png,v
11083,v/C_color_21_0188.png,v
11084,v/C_color_21_0189.png,v
11085,v/C_color_21_0190.png,v
11086,v/C_color_21_0191.png,v
11087,v/C_color_21_0192.png,v
11088,v/C_color_21_0193.png,v
11089,v/C_color_21_0194.png,v
11090,v/C_color_21_0195.png,v
11091,v/C_color_21_0196.png,v
11092,v/C_color_21_0197.png,v
11093,v/C_color_21_0198.png,v
11094,v/C_color_21_0199.png,v
11095,v/C_color_21_0200.png,v
11096,v/C_color_21_0201.png,v
11097,v/C_color_21_0202.png,v
11098,v/C_color_21_0203.png,v
11099,v/C_color_21_0204.png,v
11100,v/C_color_21_0205.png,v
11101,v/C_color_21_0206.png,v
11102,v/C_color_21_0207.png,v
11103,v/C_color_21_0208.png,v
11104,v/C_color_21_0209.png,v
11105,v/C_color_21_0210.png,v
11106,v/C_color_21_0211.png,v
11107,v/C_color_21_0212.png,v
11108,v/C_color_21_0213.png,v
11109,v/C_color_21_0214.png,v
11110,v/C_color_21_0215.png,v
11111,v/C_color_21_0216.png,v
11112,v/C_color_21_0217.png,v
11113,v/C_color_21_0218.png,v
11114,v/C_color_21_0219.png,v
11115,v/C_color_21_0220.png,v
11116,v/C_color_21_0221.png,v
11117,v/C_color_21_0222.png,v
11118,v/C_color_21_0223.png,v
11119,v/C_color_21_0224.png,v
11120,v/C_color_21_0225.png,d
11121,v/C_color_21_0226.png,d
11122,v/C_color_21_0227.png,d
11123,v/C_color_21_0228.png,v
11124,v/C_color_21_0229.png,d
11125,v/C_color_21_0230.png,w
11126,v/C_color_21_0231.png,w
11127,v/C_color_21_0232.png,w
11128,v/C_color_21_0233.png,w
11129,v/C_color_21_0234.png,w
11130,v/C_color_21_0235.png,w
11131,v/C_color_21_0236.png,w
11132,v/C_color_21_0237.png,w
11133,v/C_color_21_0238.png,w
11134,v/C_color_21_0239.png,w
11135,v/C_color_21_0240.png,w
11136,v/C_color_21_0241.png,w
11137,v/C_color_21_0242.png,w
11138,v/C_color_21_0243.png,w
11139,v/C_color_21_0244.png,w
11140,v/C_color_21_0245.png,w
11141,v/C_color_21_0246.png,w
11142,v/C_color_21_0247.png,v
11143,v/C_color_21_0248.png,w
11144,v/C_color_21_0249.png,v
11145,v/C_color_21_0250.png,v
11146,v/C_color_21_0251.png,v
11147,v/C_color_21_0252.png,v
11148,v/C_color_21_0253.png,v
11149,v/C_color_21_0254.png,v
11150,v/C_color_21_0255.png,v
11151,v/C_color_21_0256.png,v
11152,v/C_color_21_0257.png,v
11153,v/C_color_21_0258.png,v
11154,v/C_color_21_0259.png,v
11155,v/C_color_21_0260.png,v
11156,v/C_color_21_0261.png,v
11157,v/C_color_21_0262.png,v
11158,v/C_color_21_0263.png,v
11159,v/C_color_21_0264.png,v
11160,v/C_color_21_0265.png,v
11161,v/C_color_21_0266.png,v
11162,v/C_color_21_0267.png,v
11163,v/C_color_21_0268.png,v
11164,v/C_color_21_0269.png,v
11165,v/C_color_21_0270.png,v
11166,v/C_color_21_0271.png,v
11167,v/C_color_21_0272.png,v
11168,v/C_color_21_0273.png,v
11169,v/C_color_21_0274.png,v
11170,v/C_color_21_0275.png,v
11171,v/C_color_21_0276.png,v
11172,v/C_color_21_0277.png,v
11173,v/C_color_21_0278.png,v
11174,v/C_color_21_0279.png,v
11175,v/C_color_21_0280.png,v
11176,v/C_color_21_0281.png,v
11177,v/C_color_21_0282.png,v
11178,v/C_color_21_0283.png,v
11179,v/C_color_21_0284.png,v
11180,v/C_color_21_0285.png,v
11181,v/C_color_21_0286.png,v
11182,v/C_color_21_0287.png,v
11183,v/C_color_21_0288.png,v
11184,v/C_color_21_0289.png,v
11185,v/C_color_21_0290.png,v
11186,v/C_color_21_0291.png,v
11187,v/C_color_21_0292.png,v
11188,v/C_color_21_0293.png,v
11189,v/C_color_21_0294.png,v
11190,v/C_color_21_0295.png,v
11191,v/C_color_21_0296.png,v
11192,v/C_color_21_0297.png,v
11193,v/C_color_21_0298.png,v
11194,v/C_color_21_0299.png,v
11195,v/C_color_21_0300.png,v
11196,v/C_color_21_0301.png,v
11197,v/C_color_21_0302.png,v
11198,v/C_color_21_0303.png,v
11199,v/C_color_21_0304.png,v
11200,v/C_color_21_0305.png,v
11201,v/C_color_21_0306.png,v
11202,v/C_color_21_0307.png,v
11203,v/C_color_21_0308.png,v
11204,v/C_color_21_0309.png,v
11205,v/C_color_21_0310.png,v
11206,v/C_color_21_0311.png,v
11207,v/C_color_21_0312.png,v
11208,v/C_color_21_0313.png,v
11209,v/C_color_21_0314.png,v
11210,v/C_color_21_0315.png,v
11211,v/C_color_21_0316.png,v
11212,v/C_color_21_0317.png,v
11213,v/C_color_21_0318.png,v
11214,v/C_color_21_0319.png,v
11215,v/C_color_21_0320.png,v
11216,v/C_color_21_0321.png,v
11217,v/C_color_21_0322.png,v
11218,v/C_color_21_0323.png,v
11219,v/C_color_21_0324.png,v
11220,v/C_color_21_0325.png,v
11221,v/C_color_21_0326.png,v
11222,v/C_color_21_0327.png,v
11223,v/C_color_21_0328.png,v
11224,v/C_color_21_0329.png,v
11225,v/C_color_21_0330.png,v
11226,v/C_color_21_0331.png,v
11227,v/C_color_21_0332.png,v
11228,v/C_color_21_0333.png,v
11229,v/C_color_21_0334.png,v
11230,v/C_color_21_0335.png,v
11231,v/C_color_21_0336.png,v
11232,v/C_color_21_0337.png,v
11233,v/C_color_21_0338.png,v
11234,v/C_color_21_0339.png,v
11235,v/C_color_21_0340.png,v
11236,v/C_color_21_0341.png,v
11237,v/C_color_21_0342.png,v
11238,v/C_color_21_0343.png,v
11239,v/C_color_21_0344.png,v
11240,v/C_color_21_0345.png,v
11241,v/C_color_21_0346.png,v
11242,v/C_color_21_0347.png,v
11243,v/C_color_21_0348.png,v
11244,v/C_color_21_0349.png,v
11245,v/C_color_21_0350.png,v
11246,v/C_color_21_0351.png,v
11247,v/C_color_21_0352.png,v
11248,v/C_color_21_0353.png,v
11249,v/C_color_21_0354.png,v
11250,v/C_color_21_0355.png,v
11251,v/C_color_21_0356.png,v
11252,v/C_color_21_0357.png,v
11253,v/C_color_21_0358.png,v
11254,v/C_color_21_0359.png,v
11255,v/C_color_21_0360.png,v
11256,v/C_color_21_0361.png,v
11257,v/C_color_21_0362.png,v
11258,v/C_color_21_0363.png,v
11259,v/C_color_21_0364.png,v
11260,v/C_color_21_0365.png,v
11261,v/C_color_21_0366.png,v
11262,v/C_color_21_0367.png,v
11263,v/C_color_21_0368.png,v
11264,v/C_color_21_0369.png,v
11265,v/C_color_21_0370.png,v
11266,v/C_color_21_0371.png,v
11267,v/C_color_21_0372.png,v
11268,v/C_color_21_0373.png,v
11269,v/C_color_21_0374.png,v
11270,v/C_color_21_0375.png,v
11271,v/C_color_21_0376.png,v
11272,v/C_color_21_0377.png,v
11273,v/C_color_21_0378.png,v
11274,v/C_color_21_0379.png,v
11275,v/C_color_21_0380.png,v
11276,v/C_color_21_0381.png,v
11277,v/C_color_21_0382.png,v
11278,v/C_color_21_0383.png,v
11279,v/C_color_21_0384.png,v
11280,v/C_color_21_0385.png,v
11281,v/C_color_21_0386.png,v
11282,v/C_color_21_0387.png,v
11283,v/C_color_21_0388.png,v
11284,v/C_color_21_0389.png,v
11285,v/C_color_21_0390.png,v
11286,v/C_color_21_0391.png,v
11287,v/C_color_21_0392.png,v
11288,v/C_color_21_0393.png,v
11289,v/C_color_21_0394.png,v
11290,v/C_color_21_0395.png,v
11291,v/C_color_21_0396.png,v
11292,v/C_color_21_0397.png,v
11293,v/C_color_21_0398.png,v
11294,v/C_color_21_0399.png,v
11295,v/C_color_21_0400.png,v
11296,v/C_color_21_0401.png,v
11297,v/C_color_21_0402.png,v
11298,v/C_color_21_0403.png,v
11299,v/C_color_21_0404.png,v
11300,v/C_color_21_0405.png,v
11301,v/C_color_21_0406.png,v
11302,v/C_color_21_0407.png,v
11303,v/C_color_21_0408.png,v
11304,v/C_color_21_0409.png,v
11305,v/C_color_21_0410.png,v
11306,v/C_color_21_0411.png,v
11307,v/C_color_21_0412.png,v
11308,v/C_color_21_0413.png,v
11309,v/C_color_21_0414.png,v
11310,v/C_color_21_0415.png,v
11311,v/C_color_21_0416.png,v
11312,v/C_color_21_0417.png,v
11313,v/C_color_21_0418.png,v
11314,v/C_color_21_0419.png,v
11315,v/C_color_21_0420.png,v
11316,v/C_color_21_0421.png,v
11317,v/C_color_21_0422.png,v
11318,v/C_color_21_0423.png,v
11319,v/C_color_21_0424.png,v
11320,v/C_color_21_0425.png,v
11321,v/C_color_21_0426.png,v
11322,v/C_color_21_0427.png,v
11323,v/C_color_21_0428.png,v
11324,v/C_color_21_0429.png,v
11325,v/C_color_21_0430.png,v
11326,v/C_color_21_0431.png,v
11327,v/C_color_21_0432.png,v
11328,v/C_color_21_0433.png,v
11329,v/C_color_21_0434.png,v
11330,v/C_color_21_0435.png,v
11331,v/C_color_21_0436.png,v
11332,v/C_color_21_0437.png,v
11333,v/C_color_21_0438.png,v
11334,v/C_color_21_0439.png,v
11335,v/C_color_21_0440.png,v
11336,v/C_color_21_0441.png,v
11337,v/C_color_21_0442.png,v
11338,v/C_color_21_0443.png,v
11339,v/C_color_21_0444.png,v
11340,v/C_color_21_0445.png,v
11341,v/C_color_21_0446.png,v
11342,v/C_color_21_0447.png,v
11343,v/C_color_21_0448.png,v
11344,v/C_color_21_0449.png,v
11345,v/C_color_21_0450.png,v
11346,v/C_color_21_0451.png,v
11347,v/C_color_21_0452.png,v
11348,v/C_color_21_0453.png,v
11349,v/C_color_21_0454.png,v
11350,v/C_color_21_0455.png,v
11351,v/C_color_21_0456.png,v
11352,v/C_color_21_0457.png,v
11353,v/C_color_21_0458.png,v
11354,v/C_color_21_0459.png,v
11355,v/C_color_21_0460.png,v
11356,v/C_color_21_0461.png,v
11357,v/C_color_21_0462.png,v
11358,v/C_color_21_0463.png,v
11359,v/C_color_21_0464.png,v
11360,v/C_color_21_0465.png,v
11361,v/C_color_21_0466.png,v
11362,v/C_color_21_0467.png,v
11363,v/C_color_21_0468.png,v
11364,v/C_color_21_0469.png,v
11365,v/C_color_21_0470.png,v
11366,v/C_color_21_0471.png,v
11367,v/C_color_21_0472.png,v
11368,v/C_color_21_0473.png,v
11369,v/C_color_21_0474.png,v
11370,v/C_color_21_0475.png,v
11371,v/C_color_21_0476.png,v
11372,v/C_color_21_0477.png,v
11373,v/C_color_21_0478.png,v
11374,v/C_color_21_0479.png,v
11375,v/C_color_21_0480.png,v
11376,v/C_color_21_0481.png,v
11377,v/C_color_21_0482.png,v
11378,v/C_color_21_0483.png,v
11379,v/C_color_21_0484.png,v
11380,v/C_color_21_0485.png,v
11381,v/C_color_21_0486.png,v
11382,v/C_color_21_0487.png,v
11383,v/C_color_21_0488.png,v
11384,v/C_color_21_0489.png,v
11385,v/C_color_21_0490.png,v
11386,v/C_color_21_0491.png,v
11387,v/C_color_21_0492.png,v
11388,v/C_color_21_0493.png,v
11389,v/C_color_21_0494.png,v
11390,v/C_color_21_0495.png,v
11391,v/C_color_21_0496.png,v
11392,v/C_color_21_0497.png,v
11393,v/C_color_21_0498.png,v
11394,v/C_color_21_0499.png,v
11395,v/C_color_21_0500.png,v
11396,v/C_color_21_0501.png,v
11397,v/C_color_21_0502.png,v
11398,v/C_color_21_0503.png,v
11399,v/C_color_21_0504.png,v
11400,v/C_color_21_0505.png,v
11401,v/C_color_21_0506.png,v
11402,v/C_color_21_0507.png,v
11403,v/C_color_21_0508.png,v
11404,v/C_color_21_0509.png,v
11405,v/C_color_21_0510.png,v
11406,v/C_color_21_0511.png,v
11407,v/C_color_21_0512.png,v
11408,v/C_color_21_0513.png,v
11409,v/C_color_21_0514.png,v
11410,v/C_color_21_0515.png,v
11411,v/C_color_21_0516.png,v
11412,v/C_color_21_0517.png,v
11413,v/C_color_21_0518.png,v
11414,v/C_color_21_0519.png,v
11415,v/C_color_21_0520.png,v
11416,v/C_color_21_0521.png,v
11417,v/C_color_21_0522.png,v
11418,v/C_color_21_0523.png,v
11419,v/C_color_21_0524.png,v
11420,v/C_color_21_0525.png,v
11421,v/C_color_21_0526.png,v
11422,v/C_color_21_0527.png,v
11423,v/C_color_21_0528.png,v
11424,v/C_color_21_0529.png,v
11425,v/C_color_21_0530.png,v
11426,v/C_color_21_0531.png,v
11427,v/C_color_21_0532.png,v
11428,v/C_color_21_0533.png,v
11429,v/C_color_21_0534.png,v
11430,v/C_color_21_0535.png,v
11431,v/C_color_21_0536.png,v
11432,w/C_color_22_0002.png,w
11433,w/C_color_22_0003.png,w
11434,w/C_color_22_0004.png,w
11435,w/C_color_22_0005.png,w
11436,w/C_color_22_0006.png,w
11437,w/C_color_22_0007.png,w
11438,w/C_color_22_0008.png,w
11439,w/C_color_22_0009.png,w
11440,w/C_color_22_0010.png,w
11441,w/C_color_22_0011.png,w
11442,w/C_color_22_0012.png,w
11443,w/C_color_22_0013.png,w
11444,w/C_color_22_0014.png,w
11445,w/C_color_22_0015.png,w
11446,w/C_color_22_0016.png,w
11447,w/C_color_22_0017.png,w
11448,w/C_color_22_0018.png,w
11449,w/C_color_22_0019.png,w
11450,w/C_color_22_0020.png,w
11451,w/C_color_22_0021.png,w
11452,w/C_color_22_0022.png,w
11453,w/C_color_22_0023.png,w
11454,w/C_color_22_0024.png,w
11455,w/C_color_22_0025.png,w
11456,w/C_color_22_0026.png,w
11457,w/C_color_22_0027.png,w
11458,w/C_color_22_0028.png,w
11459,w/C_color_22_0029.png,w
11460,w/C_color_22_0030.png,w
11461,w/C_color_22_0031.png,w
11462,w/C_color_22_0032.png,w
11463,w/C_color_22_0033.png,w
11464,w/C_color_22_0034.png,w
11465,w/C_color_22_0035.png,w
11466,w/C_color_22_0036.png,w
11467,w/C_color_22_0037.png,w
11468,w/C_color_22_0038.png,w
11469,w/C_color_22_0039.png,w
11470,w/C_color_22_0040.png,w
11471,w/C_color_22_0041.png,w
11472,w/C_color_22_0042.png,w
11473,w/C_color_22_0043.png,w
11474,w/C_color_22_0044.png,w
11475,w/C_color_22_0045.png,w
11476,w/C_color_22_0046.png,w
11477,w/C_color_22_0047.png,w
11478,w/C_color_22_0048.png,w
11479,w/C_color_22_0049.png,w
11480,w/C_color_22_0050.png,w
11481,w/C_color_22_0051.png,w
11482,w/C_color_22_0052.png,w
11483,w/C_color_22_0053.png,w
11484,w/C_color_22_0054.png,w
11485,w/C_color_22_0055.png,w
11486,w/C_color_22_0056.png,w
11487,w/C_color_22_0057.png,w
11488,w/C_color_22_0058.png,w
11489,w/C_color_22_0059.png,w
11490,w/C_color_22_0060.png,w
11491,w/C_color_22_0061.png,w
11492,w/C_color_22_0062.png,w
11493,w/C_color_22_0063.png,w
11494,w/C_color_22_0064.png,w
11495,w/C_color_22_0065.png,w
11496,w/C_color_22_0066.png,w
11497,w/C_color_22_0067.png,w
11498,w/C_color_22_0068.png,w
11499,w/C_color_22_0069.png,w
11500,w/C_color_22_0070.png,w
11501,w/C_color_22_0071.png,w
11502,w/C_color_22_0072.png,w
11503,w/C_color_22_0073.png,w
11504,w/C_color_22_0074.png,w
11505,w/C_color_22_0075.png,w
11506,w/C_color_22_0076.png,w
11507,w/C_color_22_0077.png,w
11508,w/C_color_22_0078.png,w
11509,w/C_color_22_0079.png,w
11510,w/C_color_22_0080.png,w
11511,w/C_color_22_0081.png,w
11512,w/C_color_22_0082.png,w
11513,w/C_color_22_0083.png,w
11514,w/C_color_22_0084.png,w
11515,w/C_color_22_0085.png,w
11516,w/C_color_22_0086.png,w
11517,w/C_color_22_0087.png,w
11518,w/C_color_22_0088.png,w
11519,w/C_color_22_0089.png,w
11520,w/C_color_22_0090.png,w
11521,w/C_color_22_0091.png,w
11522,w/C_color_22_0092.png,w
11523,w/C_color_22_0093.png,w
11524,w/C_color_22_0094.png,w
11525,w/C_color_22_0095.png,w
11526,w/C_color_22_0096.png,w
11527,w/C_color_22_0097.png,w
11528,w/C_color_22_0098.png,w
11529,w/C_color_22_0099.png,w
11530,w/C_color_22_0100.png,w
11531,w/C_color_22_0101.png,w
11532,w/C_color_22_0102.png,w
11533,w/C_color_22_0103.png,w
11534,w/C_color_22_0104.png,w
11535,w/C_color_22_0105.png,w
11536,w/C_color_22_0106.png,w
11537,w/C_color_22_0107.png,w
11538,w/C_color_22_0108.png,w
11539,w/C_color_22_0109.png,w
11540,w/C_color_22_0110.png,w
11541,w/C_color_22_0111.png,w
11542,w/C_color_22_0112.png,w
11543,w/C_color_22_0113.png,w
11544,w/C_color_22_0114.png,w
11545,w/C_color_22_0115.png,w
11546,w/C_color_22_0116.png,w
11547,w/C_color_22_0117.png,w
11548,w/C_color_22_0118.png,w
11549,w/C_color_22_0119.png,w
11550,w/C_color_22_0120.png,w
11551,w/C_color_22_0121.png,w
11552,w/C_color_22_0122.png,w
11553,w/C_color_22_0123.png,w
11554,w/C_color_22_0124.png,w
11555,w/C_color_22_0125.png,w
11556,w/C_color_22_0126.png,w
11557,w/C_color_22_0127.png,w
11558,w/C_color_22_0128.png,w
11559,w/C_color_22_0129.png,w
11560,w/C_color_22_0130.png,w
11561,w/C_color_22_0131.png,w
11562,w/C_color_22_0132.png,w
11563,w/C_color_22_0133.png,w
11564,w/C_color_22_0134.png,w
11565,w/C_color_22_0135.png,w
11566,w/C_color_22_0136.png,w
11567,w/C_color_22_0137.png,w
11568,w/C_color_22_0138.png,w
11569,w/C_color_22_0139.png,w
11570,w/C_color_22_0140.png,w
11571,w/C_color_22_0141.png,w
11572,w/C_color_22_0142.png,w
11573,w/C_color_22_0143.png,w
11574,w/C_color_22_0144.png,w
11575,w/C_color_22_0145.png,w
11576,w/C_color_22_0146.png,w
11577,w/C_color_22_0147.png,w
11578,w/C_color_22_0148.png,w
11579,w/C_color_22_0149.png,w
11580,w/C_color_22_0150.png,w
11581,w/C_color_22_0151.png,w
11582,w/C_color_22_0152.png,w
11583,w/C_color_22_0153.png,w
11584,w/C_color_22_0154.png,w
11585,w/C_color_22_0155.png,w
11586,w/C_color_22_0156.png,w
11587,w/C_color_22_0157.png,w
11588,w/C_color_22_0158.png,w
11589,w/C_color_22_0159.png,w
11590,w/C_color_22_0160.png,w
11591,w/C_color_22_0161.png,w
11592,w/C_color_22_0162.png,w
11593,w/C_color_22_0163.png,w
11594,w/C_color_22_0164.png,w
11595,w/C_color_22_0165.png,w
11596,w/C_color_22_0166.png,w
11597,w/C_color_22_0167.png,w
11598,w/C_color_22_0168.png,w
11599,w/C_color_22_0169.png,w
11600,w/C_color_22_0170.png,w
11601,w/C_color_22_0171.png,w
11602,w/C_color_22_0172.png,w
11603,w/C_color_22_0173.png,w
11604,w/C_color_22_0174.png,w
11605,w/C_color_22_0175.png,w
11606,w/C_color_22_0176.png,w
11607,w/C_color_22_0177.png,w
11608,w/C_color_22_0178.png,w
11609,w/C_color_22_0179.png,w
11610,w/C_color_22_0180.png,w
11611,w/C_color_22_0181.png,w
11612,w/C_color_22_0182.png,w
11613,w/C_color_22_0183.png,w
11614,w/C_color_22_0184.png,w
11615,w/C_color_22_0185.png,w
11616,w/C_color_22_0186.png,w
11617,w/C_color_22_0187.png,w
11618,w/C_color_22_0188.png,w
11619,w/C_color_22_0189.png,w
11620,w/C_color_22_0190.png,w
11621,w/C_color_22_0191.png,w
11622,w/C_color_22_0192.png,w
11623,w/C_color_22_0193.png,w
11624,w/C_color_22_0194.png,w
11625,w/C_color_22_0195.png,w
11626,w/C_color_22_0196.png,w
11627,w/C_color_22_0197.png,w
11628,w/C_color_22_0198.png,w
11629,w/C_color_22_0199.png,w
11630,w/C_color_22_0200.png,w
11631,w/C_color_22_0201.png,w
11632,w/C_color_22_0202.png,w
11633,w/C_color_22_0203.png,w
11634,w/C_color_22_0204.png,w
11635,w/C_color_22_0205.png,w
11636,w/C_color_22_0206.png,w
11637,w/C_color_22_0207.png,w
11638,w/C_color_22_0208.png,w
11639,w/C_color_22_0209.png,w
11640,w/C_color_22_0210.png,w
11641,w/C_color_22_0211.png,w
11642,w/C_color_22_0212.png,w
11643,w/C_color_22_0213.png,w
11644,w/C_color_22_0214.png,w
11645,w/C_color_22_0215.png,w
11646,w/C_color_22_0216.png,w
11647,w/C_color_22_0217.png,w
11648,w/C_color_22_0218.png,w
11649,w/C_color_22_0219.png,w
11650,w/C_color_22_0220.png,w
11651,w/C_color_22_0221.png,w
11652,w/C_color_22_0222.png,w
11653,w/C_color_22_0223.png,w
11654,w/C_color_22_0224.png,w
11655,w/C_color_22_0225.png,w
11656,w/C_color_22_0226.png,w
11657,w/C_color_22_0227.png,w
11658,w/C_color_22_0228.png,w
11659,w/C_color_22_0229.png,w
11660,w/C_color_22_0230.png,w
11661,w/C_color_22_0231.png,w
11662,w/C_color_22_0232.png,w
11663,w/C_color_22_0233.png,w
11664,w/C_color_22_0234.png,w
11665,w/C_color_22_0235.png,w
11666,w/C_color_22_0236.png,w
11667,w/C_color_22_0237.png,w
11668,w/C_color_22_0238.png,w
11669,w/C_color_22_0239.png,w
11670,w/C_color_22_0240.png,w
11671,w/C_color_22_0241.png,w
11672,w/C_color_22_0242.png,w
11673,w/C_color_22_0243.png,w
11674,w/C_color_22_0244.png,w
11675,w/C_color_22_0245.png,w
11676,w/C_color_22_0246.png,w
11677,w/C_color_22_0247.png,w
11678,w/C_color_22_0248.png,w
11679,w/C_color_22_0249.png,w
11680,w/C_color_22_0250.png,w
11681,w/C_color_22_0251.png,w
11682,w/C_color_22_0252.png,w
11683,w/C_color_22_0253.png,w
11684,w/C_color_22_0254.png,w
11685,w/C_color_22_0255.png,w
11686,w/C_color_22_0256.png,w
11687,w/C_color_22_0257.png,w
11688,w/C_color_22_0258.png,w
11689,w/C_color_22_0259.png,w
11690,w/C_color_22_0260.png,w
11691,w/C_color_22_0261.png,w
11692,w/C_color_22_0262.png,w
11693,w/C_color_22_0263.png,w
11694,w/C_color_22_0264.png,w
11695,w/C_color_22_0265.png,w
11696,w/C_color_22_0266.png,w
11697,w/C_color_22_0267.png,w
11698,w/C_color_22_0268.png,w
11699,w/C_color_22_0269.png,w
11700,w/C_color_22_0270.png,w
11701,w/C_color_22_0271.png,w
11702,w/C_color_22_0272.png,w
11703,w/C_color_22_0273.png,w
11704,w/C_color_22_0274.png,w
11705,w/C_color_22_0275.png,w
11706,w/C_color_22_0276.png,w
11707,w/C_color_22_0277.png,w
11708,w/C_color_22_0278.png,w
11709,w/C_color_22_0279.png,w
11710,w/C_color_22_0280.png,w
11711,w/C_color_22_0281.png,w
11712,w/C_color_22_0282.png,w
11713,w/C_color_22_0283.png,w
11714,w/C_color_22_0284.png,w
11715,w/C_color_22_0285.png,w
11716,w/C_color_22_0286.png,w
11717,w/C_color_22_0287.png,w
11718,w/C_color_22_0288.png,w
11719,w/C_color_22_0289.png,w
11720,w/C_color_22_0290.png,w
11721,w/C_color_22_0291.png,w
11722,w/C_color_22_0292.png,w
11723,w/C_color_22_0293.png,w
11724,w/C_color_22_0294.png,w
11725,w/C_color_22_0295.png,w
11726,w/C_color_22_0296.png,w
11727,w/C_color_22_0297.png,w
11728,w/C_color_22_0298.png,w
11729,w/C_color_22_0299.png,w
11730,w/C_color_22_0300.png,w
11731,w/C_color_22_0301.png,w
11732,w/C_color_22_0302.png,w
11733,w/C_color_22_0303.png,w
11734,w/C_color_22_0304.png,w
11735,w/C_color_22_0305.png,w
11736,w/C_color_22_0306.png,w
11737,w/C_color_22_0307.png,w
11738,w/C_color_22_0308.png,w
11739,w/C_color_22_0309.png,w
11740,w/C_color_22_0310.png,w
11741,w/C_color_22_0311.png,w
11742,w/C_color_22_0312.png,w
11743,w/C_color_22_0313.png,w
11744,w/C_color_22_0314.png,w
11745,w/C_color_22_0315.png,w
11746,w/C_color_22_0316.png,w
11747,w/C_color_22_0317.png,w
11748,w/C_color_22_0318.png,w
11749,w/C_color_22_0319.png,w
11750,w/C_color_22_0320.png,w
11751,w/C_color_22_0321.png,w
11752,w/C_color_22_0322.png,w
11753,w/C_color_22_0323.png,w
11754,w/C_color_22_0324.png,w
11755,w/C_color_22_0325.png,w
11756,w/C_color_22_0326.png,w
11757,w/C_color_22_0327.png,w
11758,w/C_color_22_0328.png,w
11759,w/C_color_22_0329.png,w
11760,w/C_color_22_0330.png,w
11761,w/C_color_22_0331.png,w
11762,w/C_color_22_0332.png,w
11763,w/C_color_22_0333.png,w
11764,w/C_color_22_0334.png,w
11765,w/C_color_22_0335.png,w
11766,w/C_color_22_0336.png,w
11767,w/C_color_22_0337.png,w
11768,w/C_color_22_0338.png,w
11769,w/C_color_22_0339.png,w
11770,w/C_color_22_0340.png,w
11771,w/C_color_22_0341.png,w
11772,w/C_color_22_0342.png,w
11773,w/C_color_22_0343.png,w
11774,w/C_color_22_0344.png,w
11775,w/C_color_22_0345.png,w
11776,w/C_color_22_0346.png,w
11777,w/C_color_22_0347.png,w
11778,w/C_color_22_0348.png,w
11779,w/C_color_22_0349.png,w
11780,w/C_color_22_0350.png,w
11781,w/C_color_22_0351.png,w
11782,w/C_color_22_0352.png,w
11783,w/C_color_22_0353.png,w
11784,w/C_color_22_0354.png,w
11785,w/C_color_22_0355.png,w
11786,w/C_color_22_0356.png,w
11787,w/C_color_22_0357.png,w
11788,w/C_color_22_0358.png,w
11789,w/C_color_22_0359.png,w
11790,w/C_color_22_0360.png,w
11791,w/C_color_22_0361.png,w
11792,w/C_color_22_0362.png,w
11793,w/C_color_22_0363.png,w
11794,w/C_color_22_0364.png,w
11795,w/C_color_22_0365.png,w
11796,w/C_color_22_0366.png,w
11797,w/C_color_22_0367.png,w
11798,w/C_color_22_0368.png,w
11799,w/C_color_22_0369.png,w
11800,w/C_color_22_0370.png,w
11801,w/C_color_22_0371.png,w
11802,w/C_color_22_0372.png,w
11803,w/C_color_22_0373.png,w
11804,w/C_color_22_0374.png,w
11805,w/C_color_22_0375.png,w
11806,w/C_color_22_0376.png,w
11807,w/C_color_22_0377.png,w
11808,w/C_color_22_0378.png,w
11809,w/C_color_22_0379.png,w
11810,w/C_color_22_0380.png,w
11811,w/C_color_22_0381.png,w
11812,w/C_color_22_0382.png,w
11813,w/C_color_22_0383.png,w
11814,w/C_color_22_0384.png,w
11815,w/C_color_22_0385.png,w
11816,w/C_color_22_0386.png,w
11817,w/C_color_22_0387.png,w
11818,w/C_color_22_0388.png,w
11819,w/C_color_22_0389.png,w
11820,w/C_color_22_0390.png,w
11821,w/C_color_22_0391.png,w
11822,w/C_color_22_0392.png,w
11823,w/C_color_22_0393.png,w
11824,w/C_color_22_0394.png,w
11825,w/C_color_22_0395.png,w
11826,w/C_color_22_0396.png,w
11827,w/C_color_22_0397.png,w
11828,w/C_color_22_0398.png,w
11829,w/C_color_22_0399.png,w
11830,w/C_color_22_0400.png,w
11831,w/C_color_22_0401.png,w
11832,w/C_color_22_0402.png,w
11833,w/C_color_22_0403.png,w
11834,w/C_color_22_0404.png,w
11835,w/C_color_22_0405.png,w
11836,w/C_color_22_0406.png,w
11837,w/C_color_22_0407.png,w
11838,w/C_color_22_0408.png,w
11839,w/C_color_22_0409.png,w
11840,w/C_color_22_0410.png,w
11841,w/C_color_22_0411.png,w
11842,w/C_color_22_0412.png,w
11843,w/C_color_22_0413.png,w
11844,w/C_color_22_0414.png,w
11845,w/C_color_22_0415.png,w
11846,w/C_color_22_0416.png,w
11847,w/C_color_22_0417.png,w
11848,w/C_color_22_0418.png,w
11849,w/C_color_22_0419.png,w
11850,w/C_color_22_0420.png,w
11851,w/C_color_22_0421.png,w
11852,w/C_color_22_0422.png,w
11853,w/C_color_22_0423.png,w
11854,w/C_color_22_0424.png,w
11855,w/C_color_22_0425.png,w
11856,w/C_color_22_0426.png,w
11857,w/C_color_22_0427.png,w
11858,w/C_color_22_0428.png,w
11859,w/C_color_22_0429.png,w
11860,w/C_color_22_0430.png,w
11861,w/C_color_22_0431.png,w
11862,w/C_color_22_0432.png,w
11863,w/C_color_22_0433.png,w
11864,w/C_color_22_0434.png,w
11865,w/C_color_22_0435.png,w
11866,w/C_color_22_0436.png,w
11867,w/C_color_22_0437.png,w
11868,w/C_color_22_0438.png,w
11869,w/C_color_22_0439.png,w
11870,w/C_color_22_0440.png,w
11871,w/C_color_22_0441.png,w
11872,w/C_color_22_0442.png,w
11873,w/C_color_22_0443.png,w
11874,w/C_color_22_0444.png,w
11875,w/C_color_22_0445.png,v
11876,w/C_color_22_0446.png,v
11877,w/C_color_22_0447.png,v
11878,w/C_color_22_0448.png,w
11879,w/C_color_22_0449.png,w
11880,w/C_color_22_0450.png,w
11881,w/C_color_22_0451.png,w
11882,w/C_color_22_0452.png,w
11883,w/C_color_22_0453.png,w
11884,w/C_color_22_0454.png,w
11885,w/C_color_22_0455.png,w
11886,w/C_color_22_0456.png,w
11887,w/C_color_22_0457.png,w
11888,w/C_color_22_0458.png,w
11889,w/C_color_22_0459.png,w
11890,w/C_color_22_0460.png,w
11891,w/C_color_22_0461.png,w
11892,w/C_color_22_0462.png,w
11893,w/C_color_22_0463.png,w
11894,w/C_color_22_0464.png,w
11895,w/C_color_22_0465.png,w
11896,w/C_color_22_0466.png,w
11897,w/C_color_22_0467.png,w
11898,w/C_color_22_0468.png,w
11899,w/C_color_22_0469.png,w
11900,w/C_color_22_0470.png,w
11901,w/C_color_22_0471.png,w
11902,w/C_color_22_0472.png,w
11903,w/C_color_22_0473.png,w
11904,w/C_color_22_0474.png,w
11905,w/C_color_22_0475.png,w
11906,w/C_color_22_0476.png,w
11907,w/C_color_22_0477.png,w
11908,w/C_color_22_0478.png,w
11909,w/C_color_22_0479.png,w
11910,w/C_color_22_0480.png,w
11911,w/C_color_22_0481.png,w
11912,w/C_color_22_0482.png,w
11913,w/C_color_22_0483.png,w
11914,w/C_color_22_0484.png,w
11915,w/C_color_22_0485.png,w
11916,w/C_color_22_0486.png,w
11917,w/C_color_22_0487.png,w
11918,w/C_color_22_0488.png,w
11919,w/C_color_22_0489.png,w
11920,w/C_color_22_0490.png,w
11921,w/C_color_22_0491.png,w
11922,w/C_color_22_0492.png,w
11923,w/C_color_22_0493.png,w
11924,w/C_color_22_0494.png,w
11925,w/C_color_22_0495.png,w
11926,w/C_color_22_0496.png,w
11927,w/C_color_22_0497.png,w
11928,w/C_color_22_0498.png,w
11929,w/C_color_22_0499.png,w
11930,w/C_color_22_0500.png,w
11931,w/C_color_22_0501.png,w
11932,w/C_color_22_0502.png,w
11933,w/C_color_22_0503.png,w
11934,w/C_color_22_0504.png,w
11935,w/C_color_22_0505.png,w
11936,w/C_color_22_0506.png,w
11937,w/C_color_22_0507.png,w
11938,w/C_color_22_0508.png,w
11939,w/C_color_22_0509.png,w
11940,w/C_color_22_0510.png,w
11941,w/C_color_22_0511.png,w
11942,w/C_color_22_0512.png,w
11943,w/C_color_22_0513.png,w
11944,w/C_color_22_0514.png,w
11945,w/C_color_22_0515.png,w
11946,w/C_color_22_0516.png,w
11947,w/C_color_22_0517.png,w
11948,w/C_color_22_0518.png,w
11949,w/C_color_22_0519.png,w
11950,w/C_color_22_0520.png,w
11951,w/C_color_22_0521.png,w
11952,w/C_color_22_0522.png,w
11953,w/C_color_22_0523.png,w
11954,w/C_color_22_0524.png,w
11955,w/C_color_22_0525.png,w
11956,w/C_color_22_0526.png,w
11957,w/C_color_22_0527.png,w
11958,w/C_color_22_0528.png,w
11959,w/C_color_22_0529.png,w
11960,w/C_color_22_0530.png,w
11961,w/C_color_22_0531.png,w
11962,w/C_color_22_0532.png,w
11963,w/C_color_22_0533.png,w
11964,w/C_color_22_0534.png,w
11965,w/C_color_22_0535.png,w
11966,w/C_color_22_0536.png,w
11967,w/C_color_22_0537.png,w
11968,w/C_color_22_0538.png,w
11969,w/C_color_22_0539.png,w
11970,w/C_color_22_0540.png,w
11971,w/C_color_22_0541.png,w
11972,w/C_color_22_0542.png,w
11973,w/C_color_22_0543.png,w
11974,w/C_color_22_0544.png,w
11975,w/C_color_22_0545.png,w
11976,w/C_color_22_0546.png,w
11977,w/C_color_22_0547.png,w
11978,w/C_color_22_0548.png,w
11979,w/C_color_22_0549.png,w
11980,w/C_color_22_0550.png,w
11981,w/C_color_22_0551.png,w
11982,w/C_color_22_0552.png,w
11983,w/C_color_22_0553.png,w
11984,w/C_color_22_0554.png,w
11985,w/C_color_22_0555.png,w
11986,w/C_color_22_0556.png,w
11987,w/C_color_22_0557.png,w
11988,w/C_color_22_0558.png,w
11989,w/C_color_22_0559.png,w
11990,w/C_color_22_0560.png,w
11991,w/C_color_22_0561.png,w
11992,w/C_color_22_0562.png,w
11993,w/C_color_22_0563.png,w
11994,w/C_color_22_0564.png,w
11995,w/C_color_22_0565.png,w
11996,w/C_color_22_0566.png,w
11997,w/C_color_22_0567.png,w
11998,w/C_color_22_0568.png,w
11999,w/C_color_22_0569.png,w
12000,w/C_color_22_0570.png,w
12001,w/C_color_22_0571.png,w
12002,w/C_color_22_0572.png,w
12003,w/C_color_22_0573.png,w
12004,w/C_color_22_0574.png,w
12005,w/C_color_22_0575.png,w
12006,w/C_color_22_0576.png,w
12007,w/C_color_22_0577.png,w
12008,w/C_color_22_0578.png,w
12009,w/C_color_22_0579.png,w
12010,w/C_color_22_0580.png,w
12011,w/C_color_22_0581.png,w
12012,w/C_color_22_0582.png,w
12013,w/C_color_22_0583.png,w
12014,w/C_color_22_0584.png,w
12015,w/C_color_22_0585.png,w
12016,w/C_color_22_0586.png,w
12017,w/C_color_22_0587.png,w
12018,w/C_color_22_0588.png,w
12019,w/C_color_22_0589.png,w
12020,w/C_color_22_0590.png,w
12021,w/C_color_22_0591.png,w
12022,w/C_color_22_0592.png,w
12023,w/C_color_22_0593.png,w
12024,w/C_color_22_0594.png,w
12025,w/C_color_22_0595.png,w
12026,w/C_color_22_0596.png,w
12027,w/C_color_22_0597.png,w
12028,w/C_color_22_0598.png,w
12029,w/C_color_22_0599.png,w
12030,w/C_color_22_0600.png,w
12031,w/C_color_22_0601.png,w
12032,w/C_color_22_0602.png,w
12033,w/C_color_22_0603.png,w
12034,w/C_color_22_0604.png,w
12035,w/C_color_22_0605.png,w
12036,w/C_color_22_0606.png,w
12037,w/C_color_22_0607.png,w
12038,w/C_color_22_0608.png,w
12039,w/C_color_22_0609.png,w
12040,w/C_color_22_0610.png,w
12041,w/C_color_22_0611.png,w
12042,w/C_color_22_0612.png,w
12043,w/C_color_22_0613.png,w
12044,w/C_color_22_0614.png,w
12045,w/C_color_22_0615.png,w
12046,w/C_color_22_0616.png,w
12047,w/C_color_22_0617.png,w
12048,w/C_color_22_0618.png,w
12049,w/C_color_22_0619.png,w
12050,w/C_color_22_0620.png,w
12051,w/C_color_22_0621.png,w
12052,w/C_color_22_0622.png,w
12053,w/C_color_22_0623.png,w
12054,w/C_color_22_0624.png,w
12055,w/C_color_22_0625.png,w
12056,w/C_color_22_0626.png,w
12057,w/C_color_22_0627.png,w
12058,w/C_color_22_0628.png,w
12059,w/C_color_22_0629.png,w
12060,w/C_color_22_0630.png,w
12061,w/C_color_22_0631.png,w
12062,w/C_color_22_0632.png,w
12063,w/C_color_22_0633.png,w
12064,w/C_color_22_0634.png,w
12065,w/C_color_22_0635.png,w
12066,w/C_color_22_0636.png,w
12067,w/C_color_22_0637.png,w
12068,w/C_color_22_0638.png,w
12069,w/C_color_22_0639.png,w
12070,w/C_color_22_0640.png,w
12071,w/C_color_22_0641.png,w
12072,w/C_color_22_0642.png,w
12073,w/C_color_22_0643.png,w
12074,w/C_color_22_0644.png,w
12075,w/C_color_22_0645.png,w
12076,w/C_color_22_0646.png,w
12077,w/C_color_22_0647.png,w
12078,w/C_color_22_0648.png,w
12079,w/C_color_22_0649.png,w
12080,w/C_color_22_0650.png,w
12081,w/C_color_22_0651.png,w
12082,w/C_color_22_0652.png,w
12083,w/C_color_22_0653.png,w
12084,w/C_color_22_0654.png,w
12085,w/C_color_22_0655.png,w
12086,w/C_color_22_0656.png,w
12087,w/C_color_22_0657.png,w
12088,w/C_color_22_0658.png,w
12089,w/C_color_22_0659.png,w
12090,w/C_color_22_0660.png,w
12091,w/C_color_22_0661.png,w
12092,w/C_color_22_0662.png,w
12093,w/C_color_22_0663.png,w
12094,w/C_color_22_0664.png,w
12095,w/C_color_22_0665.png,w
12096,w/C_color_22_0666.png,w
12097,w/C_color_22_0667.png,w
12098,w/C_color_22_0668.png,w
12099,w/C_color_22_0669.png,w
12100,w/C_color_22_0670.png,w
12101,w/C_color_22_0671.png,w
12102,w/C_color_22_0672.png,w
12103,w/C_color_22_0673.png,w
12104,w/C_color_22_0674.png,w
12105,w/C_color_22_0675.png,w
12106,w/C_color_22_0676.png,w
12107,w/C_color_22_0677.png,w
12108,w/C_color_22_0678.png,w
12109,w/C_color_22_0679.png,w
12110,w/C_color_22_0680.png,w
12111,w/C_color_22_0681.png,w
12112,w/C_color_22_0682.png,w
12113,w/C_color_22_0683.png,w
12114,w/C_color_22_0684.png,w
12115,w/C_color_22_0685.png,w
12116,w/C_color_22_0686.png,w
12117,w/C_color_22_0687.png,w
12118,w/C_color_22_0688.png,w
12119,w/C_color_22_0689.png,w
12120,w/C_color_22_0690.png,w
12121,w/C_color_22_0691.png,w
12122,w/C_color_22_0692.png,w
12123,w/C_color_22_0693.png,w
12124,w/C_color_22_0694.png,w
12125,w/C_color_22_0695.png,w
12126,w/C_color_22_0696.png,w
12127,w/C_color_22_0697.png,w
12128,w/C_color_22_0698.png,w
12129,w/C_color_22_0699.png,w
12130,w/C_color_22_0700.png,w
12131,w/C_color_22_0701.png,w
12132,w/C_color_22_0702.png,w
12133,w/C_color_22_0703.png,w
12134,w/C_color_22_0704.png,w
12135,w/C_color_22_0705.png,w
12136,w/C_color_22_0706.png,w
12137,w/C_color_22_0707.png,w
12138,w/C_color_22_0708.png,w
12139,w/C_color_22_0709.png,w
12140,w/C_color_22_0710.png,w
12141,w/C_color_22_0711.png,w
12142,w/C_color_22_0712.png,w
12143,w/C_color_22_0713.png,w
12144,w/C_color_22_0714.png,w
12145,w/C_color_22_0715.png,w
12146,w/C_color_22_0716.png,w
12147,w/C_color_22_0717.png,w
12148,w/C_color_22_0718.png,w
12149,w/C_color_22_0719.png,w
12150,w/C_color_22_0720.png,w
12151,w/C_color_22_0721.png,w
12152,w/C_color_22_0722.png,w
12153,w/C_color_22_0723.png,w
12154,w/C_color_22_0724.png,w
12155,w/C_color_22_0725.png,w
12156,w/C_color_22_0726.png,w
12157,w/C_color_22_0727.png,w
12158,w/C_color_22_0728.png,w
12159,w/C_color_22_0729.png,w
12160,w/C_color_22_0730.png,w
12161,w/C_color_22_0731.png,w
12162,w/C_color_22_0732.png,w
12163,w/C_color_22_0733.png,w
12164,w/C_color_22_0734.png,w
12165,w/C_color_22_0735.png,w
12166,w/C_color_22_0736.png,w
12167,w/C_color_22_0737.png,w
12168,w/C_color_22_0738.png,w
12169,w/C_color_22_0739.png,w
12170,w/C_color_22_0740.png,w
12171,w/C_color_22_0741.png,w
12172,w/C_color_22_0742.png,w
12173,w/C_color_22_0743.png,w
12174,w/C_color_22_0744.png,w
12175,w/C_color_22_0745.png,w
12176,w/C_color_22_0746.png,w
12177,w/C_color_22_0747.png,w
12178,w/C_color_22_0748.png,w
12179,w/C_color_22_0749.png,w
12180,w/C_color_22_0750.png,w
12181,w/C_color_22_0751.png,w
12182,w/C_color_22_0752.png,w
12183,w/C_color_22_0753.png,w
12184,w/C_color_22_0754.png,w
12185,w/C_color_22_0755.png,w
12186,w/C_color_22_0756.png,w
12187,w/C_color_22_0757.png,w
12188,w/C_color_22_0758.png,w
12189,w/C_color_22_0759.png,w
12190,w/C_color_22_0760.png,w
12191,w/C_color_22_0761.png,w
12192,w/C_color_22_0762.png,w
12193,w/C_color_22_0763.png,w
12194,w/C_color_22_0764.png,w
12195,w/C_color_22_0765.png,w
12196,w/C_color_22_0766.png,w
12197,w/C_color_22_0767.png,w
12198,w/C_color_22_0768.png,w
12199,w/C_color_22_0769.png,w
12200,w/C_color_22_0770.png,w
12201,w/C_color_22_0771.png,w
12202,w/C_color_22_0772.png,w
12203,w/C_color_22_0773.png,w
12204,w/C_color_22_0774.png,w
12205,w/C_color_22_0775.png,w
12206,w/C_color_22_0776.png,w
12207,w/C_color_22_0777.png,w
12208,w/C_color_22_0778.png,w
12209,w/C_color_22_0779.png,w
12210,w/C_color_22_0780.png,w
12211,w/C_color_22_0781.png,w
12212,w/C_color_22_0782.png,w
12213,w/C_color_22_0783.png,w
12214,w/C_color_22_0784.png,w
12215,w/C_color_22_0785.png,w
12216,w/C_color_22_0786.png,w
12217,w/C_color_22_0787.png,w
12218,w/C_color_22_0788.png,w
12219,w/C_color_22_0789.png,w
12220,w/C_color_22_0790.png,w
12221,w/C_color_22_0791.png,w
12222,w/C_color_22_0792.png,w
12223,w/C_color_22_0793.png,w
12224,w/C_color_22_0794.png,w
12225,w/C_color_22_0795.png,w
12226,w/C_color_22_0796.png,w
12227,w/C_color_22_0797.png,w
12228,w/C_color_22_0798.png,w
12229,w/C_color_22_0799.png,w
12230,w/C_color_22_0800.png,w
12231,w/C_color_22_0801.png,w
12232,w/C_color_22_0802.png,w
12233,w/C_color_22_0803.png,w
12234,w/C_color_22_0804.png,w
12235,w/C_color_22_0805.png,w
12236,w/C_color_22_0806.png,w
12237,w/C_color_22_0807.png,w
12238,w/C_color_22_0808.png,w
12239,w/C_color_22_0809.png,w
12240,w/C_color_22_0810.png,w
12241,w/C_color_22_0811.png,w
12242,w/C_color_22_0812.png,w
12243,w/C_color_22_0813.png,w
12244,w/C_color_22_0814.png,w
12245,w/C_color_22_0815.png,w
12246,w/C_color_22_0816.png,w
12247,w/C_color_22_0817.png,w
12248,w/C_color_22_0818.png,w
12249,w/C_color_22_0819.png,w
12250,w/C_color_22_0820.png,w
12251,w/C_color_22_0821.png,w
12252,w/C_color_22_0822.png,w
12253,w/C_color_22_0823.png,w
12254,w/C_color_22_0824.png,w
12255,w/C_color_22_0825.png,w
12256,w/C_color_22_0826.png,w
12257,w/C_color_22_0827.png,w
12258,w/C_color_22_0828.png,w
12259,w/C_color_22_0829.png,w
12260,w/C_color_22_0830.png,w
12261,w/C_color_22_0831.png,w
12262,w/C_color_22_0832.png,w
12263,w/C_color_22_0833.png,w
12264,w/C_color_22_0834.png,w
12265,w/C_color_22_0835.png,w
12266,w/C_color_22_0836.png,w
12267,w/C_color_22_0837.png,w
12268,w/C_color_22_0838.png,w
12269,w/C_color_22_0839.png,w
12270,w/C_color_22_0840.png,w
12271,w/C_color_22_0841.png,w
12272,w/C_color_22_0842.png,w
12273,w/C_color_22_0843.png,w
12274,w/C_color_22_0844.png,w
12275,w/C_color_22_0845.png,w
12276,w/C_color_22_0846.png,w
12277,w/C_color_22_0847.png,w
12278,w/C_color_22_0848.png,w
12279,w/C_color_22_0849.png,w
12280,w/C_color_22_0850.png,w
12281,w/C_color_22_0851.png,w
12282,w/C_color_22_0852.png,w
12283,w/C_color_22_0853.png,w
12284,w/C_color_22_0854.png,w
12285,w/C_color_22_0855.png,w
12286,w/C_color_22_0856.png,w
12287,w/C_color_22_0857.png,w
12288,w/C_color_22_0858.png,w
12289,w/C_color_22_0859.png,w
12290,w/C_color_22_0860.png,w
12291,w/C_color_22_0861.png,w
12292,w/C_color_22_0862.png,w
12293,w/C_color_22_0863.png,w
12294,w/C_color_22_0864.png,w
12295,w/C_color_22_0865.png,w
12296,w/C_color_22_0866.png,w
12297,w/C_color_22_0867.png,w
12298,w/C_color_22_0868.png,w
12299,w/C_color_22_0869.png,w
12300,w/C_color_22_0870.png,w
12301,w/C_color_22_0871.png,w
12302,w/C_color_22_0872.png,w
12303,w/C_color_22_0873.png,w
12304,w/C_color_22_0874.png,w
12305,w/C_color_22_0875.png,w
12306,w/C_color_22_0876.png,w
12307,w/C_color_22_0877.png,w
12308,w/C_color_22_0878.png,w
12309,w/C_color_22_0879.png,w
12310,w/C_color_22_0880.png,w
12311,w/C_color_22_0881.png,w
12312,w/C_color_22_0882.png,w
12313,w/C_color_22_0883.png,w
12314,w/C_color_22_0884.png,w
12315,w/C_color_22_0885.png,w
12316,w/C_color_22_0886.png,w
12317,w/C_color_22_0887.png,w
12318,w/C_color_22_0888.png,w
12319,w/C_color_22_0889.png,w
12320,w/C_color_22_0890.png,w
12321,x/C_color_23_0002.png,x
12322,x/C_color_23_0003.png,x
12323,x/C_color_23_0004.png,x
12324,x/C_color_23_0005.png,x
12325,x/C_color_23_0006.png,x
12326,x/C_color_23_0007.png,x
12327,x/C_color_23_0008.png,x
12328,x/C_color_23_0009.png,x
12329,x/C_color_23_0010.png,x
12330,x/C_color_23_0011.png,x
12331,x/C_color_23_0012.png,x
12332,x/C_color_23_0013.png,x
12333,x/C_color_23_0014.png,x
12334,x/C_color_23_0015.png,x
12335,x/C_color_23_0016.png,x
12336,x/C_color_23_0017.png,x
12337,x/C_color_23_0018.png,x
12338,x/C_color_23_0019.png,x
12339,x/C_color_23_0020.png,x
12340,x/C_color_23_0021.png,x
12341,x/C_color_23_0022.png,x
12342,x/C_color_23_0023.png,x
12343,x/C_color_23_0024.png,x
12344,x/C_color_23_0025.png,x
12345,x/C_color_23_0026.png,x
12346,x/C_color_23_0027.png,x
12347,x/C_color_23_0028.png,x
12348,x/C_color_23_0029.png,x
12349,x/C_color_23_0030.png,x
12350,x/C_color_23_0031.png,f
12351,x/C_color_23_0032.png,x
12352,x/C_color_23_0033.png,f
12353,x/C_color_23_0034.png,f
12354,x/C_color_23_0035.png,x
12355,x/C_color_23_0036.png,x
12356,x/C_color_23_0037.png,x
12357,x/C_color_23_0038.png,x
12358,x/C_color_23_0039.png,x
12359,x/C_color_23_0040.png,x
12360,x/C_color_23_0041.png,x
12361,x/C_color_23_0042.png,x
12362,x/C_color_23_0043.png,x
12363,x/C_color_23_0044.png,x
12364,x/C_color_23_0045.png,x
12365,x/C_color_23_0046.png,x
12366,x/C_color_23_0047.png,x
12367,x/C_color_23_0048.png,x
12368,x/C_color_23_0049.png,x
12369,x/C_color_23_0050.png,x
12370,x/C_color_23_0051.png,x
12371,x/C_color_23_0052.png,x
12372,x/C_color_23_0053.png,x
12373,x/C_color_23_0054.png,x
12374,x/C_color_23_0055.png,x
12375,x/C_color_23_0056.png,x
12376,x/C_color_23_0057.png,x
12377,x/C_color_23_0058.png,x
12378,x/C_color_23_0059.png,x
12379,x/C_color_23_0060.png,x
12380,x/C_color_23_0061.png,x
12381,x/C_color_23_0062.png,x
12382,x/C_color_23_0063.png,x
12383,x/C_color_23_0064.png,x
12384,x/C_color_23_0065.png,x
12385,x/C_color_23_0066.png,x
12386,x/C_color_23_0067.png,x
12387,x/C_color_23_0068.png,x
12388,x/C_color_23_0069.png,x
12389,x/C_color_23_0070.png,x
12390,x/C_color_23_0071.png,x
12391,x/C_color_23_0072.png,x
12392,x/C_color_23_0073.png,x
12393,x/C_color_23_0074.png,x
12394,x/C_color_23_0075.png,x
12395,x/C_color_23_0076.png,x
12396,x/C_color_23_0077.png,x
12397,x/C_color_23_0078.png,x
12398,x/C_color_23_0079.png,x
12399,x/C_color_23_0080.png,x
12400,x/C_color_23_0081.png,x
12401,x/C_color_23_0082.png,x
12402,x/C_color_23_0083.png,x
12403,x/C_color_23_0084.png,x
12404,x/C_color_23_0085.png,x
12405,x/C_color_23_0086.png,x
12406,x/C_color_23_0087.png,x
12407,x/C_color_23_0088.png,x
12408,x/C_color_23_0089.png,x
12409,x/C_color_23_0090.png,x
12410,x/C_color_23_0091.png,x
12411,x/C_color_23_0092.png,x
12412,x/C_color_23_0093.png,x
12413,x/C_color_23_0094.png,x
12414,x/C_color_23_0095.png,x
12415,x/C_color_23_0096.png,x
12416,x/C_color_23_0097.png,x
12417,x/C_color_23_0098.png,x
12418,x/C_color_23_0099.png,x
12419,x/C_color_23_0100.png,x
12420,x/C_color_23_0101.png,x
12421,x/C_color_23_0102.png,x
12422,x/C_color_23_0103.png,x
12423,x/C_color_23_0104.png,x
12424,x/C_color_23_0105.png,x
12425,x/C_color_23_0106.png,x
12426,x/C_color_23_0107.png,x
12427,x/C_color_23_0108.png,x
12428,x/C_color_23_0109.png,x
12429,x/C_color_23_0110.png,x
12430,x/C_color_23_0111.png,x
12431,x/C_color_23_0112.png,x
12432,x/C_color_23_0113.png,x
12433,x/C_color_23_0114.png,x
12434,x/C_color_23_0115.png,x
12435,x/C_color_23_0116.png,x
12436,x/C_color_23_0117.png,x
12437,x/C_color_23_0118.png,x
12438,x/C_color_23_0119.png,x
12439,x/C_color_23_0120.png,x
12440,x/C_color_23_0121.png,x
12441,x/C_color_23_0122.png,x
12442,x/C_color_23_0123.png,x
12443,x/C_color_23_0124.png,x
12444,x/C_color_23_0125.png,x
12445,x/C_color_23_0126.png,x
12446,x/C_color_23_0127.png,x
12447,x/C_color_23_0128.png,x
12448,x/C_color_23_0129.png,x
12449,x/C_color_23_0130.png,x
12450,x/C_color_23_0131.png,x
12451,x/C_color_23_0132.png,x
12452,x/C_color_23_0133.png,x
12453,x/C_color_23_0134.png,x
12454,x/C_color_23_0135.png,x
12455,x/C_color_23_0136.png,x
12456,x/C_color_23_0137.png,x
12457,x/C_color_23_0138.png,x
12458,x/C_color_23_0139.png,x
12459,x/C_color_23_0140.png,x
12460,x/C_color_23_0141.png,x
12461,x/C_color_23_0142.png,x
12462,x/C_color_23_0143.png,x
12463,x/C_color_23_0144.png,x
12464,x/C_color_23_0145.png,x
12465,x/C_color_23_0146.png,x
12466,x/C_color_23_0147.png,x
12467,x/C_color_23_0148.png,x
12468,x/C_color_23_0149.png,x
12469,x/C_color_23_0150.png,x
12470,x/C_color_23_0151.png,x
12471,x/C_color_23_0152.png,x
12472,x/C_color_23_0153.png,x
12473,x/C_color_23_0154.png,x
12474,x/C_color_23_0155.png,x
12475,x/C_color_23_0156.png,x
12476,x/C_color_23_0157.png,x
12477,x/C_color_23_0158.png,x
12478,x/C_color_23_0159.png,x
12479,x/C_color_23_0160.png,x
12480,x/C_color_23_0161.png,x
12481,x/C_color_23_0162.png,x
12482,x/C_color_23_0163.png,x
12483,x/C_color_23_0164.png,x
12484,x/C_color_23_0165.png,x
12485,x/C_color_23_0166.png,x
12486,x/C_color_23_0167.png,x
12487,x/C_color_23_0168.png,x
12488,x/C_color_23_0169.png,x
12489,x/C_color_23_0170.png,x
12490,x/C_color_23_0171.png,x
12491,x/C_color_23_0172.png,x
12492,x/C_color_23_0173.png,x
12493,x/C_color_23_0174.png,x
12494,x/C_color_23_0175.png,x
12495,x/C_color_23_0176.png,x
12496,x/C_color_23_0177.png,x
12497,x/C_color_23_0178.png,x
12498,x/C_color_23_0179.png,x
12499,x/C_color_23_0180.png,x
12500,x/C_color_23_0181.png,x
12501,x/C_color_23_0182.png,x
12502,x/C_color_23_0183.png,x
12503,x/C_color_23_0184.png,x
12504,x/C_color_23_0185.png,x
12505,x/C_color_23_0186.png,x
12506,x/C_color_23_0187.png,x
12507,x/C_color_23_0188.png,x
12508,x/C_color_23_0189.png,x
12509,x/C_color_23_0190.png,x
12510,x/C_color_23_0191.png,x
12511,x/C_color_23_0192.png,x
12512,x/C_color_23_0193.png,x
12513,x/C_color_23_0194.png,x
12514,x/C_color_23_0195.png,x
12515,x/C_color_23_0196.png,x
12516,x/C_color_23_0197.png,x
12517,x/C_color_23_0198.png,x
12518,x/C_color_23_0199.png,x
12519,x/C_color_23_0200.png,x
12520,x/C_color_23_0201.png,x
12521,x/C_color_23_0202.png,x
12522,x/C_color_23_0203.png,x
12523,x/C_color_23_0204.png,x
12524,x/C_color_23_0205.png,x
12525,x/C_color_23_0206.png,x
12526,x/C_color_23_0207.png,x
12527,x/C_color_23_0208.png,x
12528,x/C_color_23_0209.png,x
12529,x/C_color_23_0210.png,x
12530,x/C_color_23_0211.png,x
12531,x/C_color_23_0212.png,x
12532,x/C_color_23_0213.png,x
12533,x/C_color_23_0214.png,x
12534,x/C_color_23_0215.png,x
12535,x/C_color_23_0216.png,x
12536,x/C_color_23_0217.png,x
12537,x/C_color_23_0218.png,x
12538,x/C_color_23_0219.png,x
12539,x/C_color_23_0220.png,x
12540,x/C_color_23_0221.png,x
12541,x/C_color_23_0222.png,x
12542,x/C_color_23_0223.png,x
12543,x/C_color_23_0224.png,x
12544,x/C_color_23_0225.png,x
12545,x/C_color_23_0226.png,x
12546,x/C_color_23_0227.png,x
12547,x/C_color_23_0228.png,x
12548,x/C_color_23_0229.png,x
12549,x/C_color_23_0230.png,x
12550,x/C_color_23_0231.png,x
12551,x/C_color_23_0232.png,x
12552,x/C_color_23_0233.png,x
12553,x/C_color_23_0234.png,x
12554,x/C_color_23_0235.png,x
12555,x/C_color_23_0236.png,x
12556,x/C_color_23_0237.png,x
12557,x/C_color_23_0238.png,x
12558,x/C_color_23_0239.png,x
12559,x/C_color_23_0240.png,x
12560,x/C_color_23_0241.png,x
12561,x/C_color_23_0242.png,x
12562,x/C_color_23_0243.png,x
12563,x/C_color_23_0244.png,x
12564,x/C_color_23_0245.png,x
12565,x/C_color_23_0246.png,x
12566,x/C_color_23_0247.png,x
12567,x/C_color_23_0248.png,x
12568,x/C_color_23_0249.png,x
12569,x/C_color_23_0250.png,x
12570,x/C_color_23_0251.png,x
12571,x/C_color_23_0252.png,x
12572,x/C_color_23_0253.png,x
12573,x/C_color_23_0254.png,x
12574,x/C_color_23_0255.png,x
12575,x/C_color_23_0256.png,x
12576,x/C_color_23_0257.png,x
12577,x/C_color_23_0258.png,x
12578,x/C_color_23_0259.png,x
12579,x/C_color_23_0260.png,x
12580,x/C_color_23_0261.png,x
12581,x/C_color_23_0262.png,x
12582,x/C_color_23_0263.png,x
12583,x/C_color_23_0264.png,x
12584,x/C_color_23_0265.png,x
12585,x/C_color_23_0266.png,x
12586,x/C_color_23_0267.png,x
12587,x/C_color_23_0268.png,x
12588,x/C_color_23_0269.png,x
12589,x/C_color_23_0270.png,x
12590,x/C_color_23_0271.png,x
12591,x/C_color_23_0272.png,x
12592,x/C_color_23_0273.png,x
12593,x/C_color_23_0274.png,x
12594,x/C_color_23_0275.png,x
12595,x/C_color_23_0276.png,x
12596,x/C_color_23_0277.png,x
12597,x/C_color_23_0278.png,x
12598,x/C_color_23_0279.png,x
12599,x/C_color_23_0280.png,x
12600,x/C_color_23_0281.png,x
12601,x/C_color_23_0282.png,x
12602,x/C_color_23_0283.png,x
12603,x/C_color_23_0284.png,x
12604,x/C_color_23_0285.png,x
12605,x/C_color_23_0286.png,x
12606,x/C_color_23_0287.png,x
12607,x/C_color_23_0288.png,x
12608,x/C_color_23_0289.png,x
12609,x/C_color_23_0290.png,x
12610,x/C_color_23_0291.png,x
12611,x/C_color_23_0292.png,x
12612,x/C_color_23_0293.png,x
12613,x/C_color_23_0294.png,x
12614,x/C_color_23_0295.png,x
12615,x/C_color_23_0296.png,x
12616,x/C_color_23_0297.png,x
12617,x/C_color_23_0298.png,x
12618,x/C_color_23_0299.png,x
12619,x/C_color_23_0300.png,x
12620,x/C_color_23_0301.png,x
12621,x/C_color_23_0302.png,x
12622,x/C_color_23_0303.png,x
12623,x/C_color_23_0304.png,x
12624,x/C_color_23_0305.png,x
12625,x/C_color_23_0306.png,x
12626,x/C_color_23_0307.png,x
12627,x/C_color_23_0308.png,x
12628,x/C_color_23_0309.png,x
12629,x/C_color_23_0310.png,x
12630,x/C_color_23_0311.png,x
12631,x/C_color_23_0312.png,x
12632,x/C_color_23_0313.png,x
12633,x/C_color_23_0314.png,x
12634,x/C_color_23_0315.png,x
12635,x/C_color_23_0316.png,x
12636,x/C_color_23_0317.png,x
12637,x/C_color_23_0318.png,x
12638,x/C_color_23_0319.png,x
12639,x/C_color_23_0320.png,x
12640,x/C_color_23_0321.png,x
12641,x/C_color_23_0322.png,x
12642,x/C_color_23_0323.png,x
12643,x/C_color_23_0324.png,x
12644,x/C_color_23_0325.png,x
12645,x/C_color_23_0326.png,x
12646,x/C_color_23_0327.png,x
12647,x/C_color_23_0328.png,x
12648,x/C_color_23_0329.png,x
12649,x/C_color_23_0330.png,x
12650,x/C_color_23_0331.png,x
12651,x/C_color_23_0332.png,x
12652,x/C_color_23_0333.png,x
12653,x/C_color_23_0334.png,x
12654,x/C_color_23_0335.png,x
12655,x/C_color_23_0336.png,x
12656,x/C_color_23_0337.png,x
12657,x/C_color_23_0338.png,x
12658,x/C_color_23_0339.png,x
12659,x/C_color_23_0340.png,x
12660,x/C_color_23_0341.png,x
12661,x/C_color_23_0342.png,x
12662,x/C_color_23_0343.png,x
12663,x/C_color_23_0344.png,x
12664,x/C_color_23_0345.png,x
12665,x/C_color_23_0346.png,x
12666,x/C_color_23_0347.png,x
12667,x/C_color_23_0348.png,x
12668,x/C_color_23_0349.png,x
12669,x/C_color_23_0350.png,x
12670,x/C_color_23_0351.png,x
12671,x/C_color_23_0352.png,x
12672,x/C_color_23_0353.png,x
12673,x/C_color_23_0354.png,x
12674,x/C_color_23_0355.png,x
12675,x/C_color_23_0356.png,x
12676,x/C_color_23_0357.png,x
12677,x/C_color_23_0358.png,x
12678,x/C_color_23_0359.png,x
12679,x/C_color_23_0360.png,x
12680,x/C_color_23_0361.png,x
12681,x/C_color_23_0362.png,x
12682,x/C_color_23_0363.png,x
12683,x/C_color_23_0364.png,x
12684,x/C_color_23_0365.png,x
12685,x/C_color_23_0366.png,x
12686,x/C_color_23_0367.png,x
12687,x/C_color_23_0368.png,x
12688,x/C_color_23_0369.png,x
12689,x/C_color_23_0370.png,x
12690,x/C_color_23_0371.png,x
12691,x/C_color_23_0372.png,x
12692,x/C_color_23_0373.png,x
12693,x/C_color_23_0374.png,x
12694,x/C_color_23_0375.png,x
12695,x/C_color_23_0376.png,x
12696,x/C_color_23_0377.png,x
12697,x/C_color_23_0378.png,x
12698,x/C_color_23_0379.png,x
12699,x/C_color_23_0380.png,x
12700,x/C_color_23_0381.png,x
12701,x/C_color_23_0382.png,x
12702,x/C_color_23_0383.png,x
12703,x/C_color_23_0384.png,x
12704,x/C_color_23_0385.png,p
12705,x/C_color_23_0386.png,x
12706,x/C_color_23_0387.png,x
12707,x/C_color_23_0388.png,x
12708,x/C_color_23_0389.png,x
12709,x/C_color_23_0390.png,x
12710,x/C_color_23_0391.png,x
12711,x/C_color_23_0392.png,x
12712,x/C_color_23_0393.png,x
12713,x/C_color_23_0394.png,x
12714,x/C_color_23_0395.png,x
12715,x/C_color_23_0396.png,x
12716,x/C_color_23_0397.png,x
12717,x/C_color_23_0398.png,x
12718,x/C_color_23_0399.png,x
12719,x/C_color_23_0400.png,x
12720,x/C_color_23_0401.png,x
12721,x/C_color_23_0402.png,x
12722,x/C_color_23_0403.png,x
12723,x/C_color_23_0404.png,x
12724,x/C_color_23_0405.png,x
12725,x/C_color_23_0406.png,x
12726,x/C_color_23_0407.png,x
12727,x/C_color_23_0408.png,x
12728,x/C_color_23_0409.png,x
12729,x/C_color_23_0410.png,x
12730,x/C_color_23_0411.png,x
12731,x/C_color_23_0412.png,x
12732,x/C_color_23_0413.png,x
12733,x/C_color_23_0414.png,x
12734,x/C_color_23_0415.png,x
12735,x/C_color_23_0416.png,x
12736,x/C_color_23_0417.png,x
12737,x/C_color_23_0418.png,x
12738,x/C_color_23_0419.png,x
12739,x/C_color_23_0420.png,x
12740,x/C_color_23_0421.png,x
12741,x/C_color_23_0422.png,x
12742,x/C_color_23_0423.png,x
12743,x/C_color_23_0424.png,x
12744,x/C_color_23_0425.png,x
12745,x/C_color_23_0426.png,x
12746,x/C_color_23_0427.png,x
12747,x/C_color_23_0428.png,x
12748,x/C_color_23_0429.png,x
12749,x/C_color_23_0430.png,x
12750,x/C_color_23_0431.png,x
12751,x/C_color_23_0432.png,x
12752,x/C_color_23_0433.png,x
12753,x/C_color_23_0434.png,x
12754,x/C_color_23_0435.png,x
12755,x/C_color_23_0436.png,x
12756,x/C_color_23_0437.png,x
12757,x/C_color_23_0438.png,x
12758,x/C_color_23_0439.png,x
12759,x/C_color_23_0440.png,x
12760,x/C_color_23_0441.png,x
12761,x/C_color_23_0442.png,x
12762,x/C_color_23_0443.png,x
12763,x/C_color_23_0444.png,x
12764,x/C_color_23_0445.png,x
12765,x/C_color_23_0446.png,x
12766,x/C_color_23_0447.png,x
12767,x/C_color_23_0448.png,x
12768,x/C_color_23_0449.png,x
12769,x/C_color_23_0450.png,x
12770,x/C_color_23_0451.png,x
12771,x/C_color_23_0452.png,x
12772,x/C_color_23_0453.png,x
12773,x/C_color_23_0454.png,x
12774,x/C_color_23_0455.png,x
12775,x/C_color_23_0456.png,x
12776,x/C_color_23_0457.png,x
12777,x/C_color_23_0458.png,x
12778,x/C_color_23_0459.png,x
12779,x/C_color_23_0460.png,x
12780,x/C_color_23_0461.png,x
12781,x/C_color_23_0462.png,x
12782,x/C_color_23_0463.png,x
12783,x/C_color_23_0464.png,x
12784,x/C_color_23_0465.png,x
12785,x/C_color_23_0466.png,x
12786,x/C_color_23_0467.png,x
12787,x/C_color_23_0468.png,x
12788,x/C_color_23_0469.png,x
12789,x/C_color_23_0470.png,x
12790,x/C_color_23_0471.png,x
12791,x/C_color_23_0472.png,x
12792,x/C_color_23_0473.png,x
12793,x/C_color_23_0474.png,x
12794,x/C_color_23_0475.png,x
12795,x/C_color_23_0476.png,x
12796,x/C_color_23_0477.png,x
12797,x/C_color_23_0478.png,x
12798,x/C_color_23_0479.png,x
12799,x/C_color_23_0480.png,x
12800,x/C_color_23_0481.png,x
12801,x/C_color_23_0482.png,x
12802,x/C_color_23_0483.png,x
12803,x/C_color_23_0484.png,x
12804,x/C_color_23_0485.png,x
12805,x/C_color_23_0486.png,x
12806,x/C_color_23_0487.png,x
12807,x/C_color_23_0488.png,x
12808,x/C_color_23_0489.png,x
12809,x/C_color_23_0490.png,x
12810,x/C_color_23_0491.png,x
12811,x/C_color_23_0492.png,x
12812,x/C_color_23_0493.png,x
12813,x/C_color_23_0494.png,x
12814,x/C_color_23_0495.png,x
12815,x/C_color_23_0496.png,x
12816,x/C_color_23_0497.png,x
12817,x/C_color_23_0498.png,x
12818,x/C_color_23_0499.png,x
12819,x/C_color_23_0500.png,x
12820,x/C_color_23_0501.png,x
12821,x/C_color_23_0502.png,x
12822,x/C_color_23_0503.png,x
12823,x/C_color_23_0504.png,x
12824,x/C_color_23_0505.png,x
12825,x/C_color_23_0506.png,x
12826,x/C_color_23_0507.png,x
12827,x/C_color_23_0508.png,x
12828,x/C_color_23_0509.png,x
12829,x/C_color_23_0510.png,x
12830,x/C_color_23_0511.png,x
12831,x/C_color_23_0512.png,x
12832,x/C_color_23_0513.png,x
12833,x/C_color_23_0514.png,x
12834,x/C_color_23_0515.png,x
12835,x/C_color_23_0516.png,x
12836,x/C_color_23_0517.png,x
12837,x/C_color_23_0518.png,x
12838,x/C_color_23_0519.png,x
12839,x/C_color_23_0520.png,x
12840,x/C_color_23_0521.png,x
12841,x/C_color_23_0522.png,x
12842,x/C_color_23_0523.png,x
12843,x/C_color_23_0524.png,x
12844,x/C_color_23_0525.png,x
12845,x/C_color_23_0526.png,x
12846,x/C_color_23_0527.png,x
12847,x/C_color_23_0528.png,x
12848,x/C_color_23_0529.png,x
12849,x/C_color_23_0530.png,x
12850,x/C_color_23_0531.png,x
12851,y/C_color_24_0002.png,y
12852,y/C_color_24_0003.png,y
12853,y/C_color_24_0004.png,y
12854,y/C_color_24_0005.png,y
12855,y/C_color_24_0006.png,y
12856,y/C_color_24_0007.png,y
12857,y/C_color_24_0008.png,y
12858,y/C_color_24_0009.png,y
12859,y/C_color_24_0010.png,y
12860,y/C_color_24_0011.png,y
12861,y/C_color_24_0012.png,y
12862,y/C_color_24_0013.png,y
12863,y/C_color_24_0014.png,y
12864,y/C_color_24_0015.png,y
12865,y/C_color_24_0016.png,y
12866,y/C_color_24_0017.png,y
12867,y/C_color_24_0018.png,y
12868,y/C_color_24_0019.png,y
12869,y/C_color_24_0020.png,y
12870,y/C_color_24_0021.png,y
12871,y/C_color_24_0022.png,y
12872,y/C_color_24_0023.png,y
12873,y/C_color_24_0024.png,y
12874,y/C_color_24_0025.png,y
12875,y/C_color_24_0026.png,y
12876,y/C_color_24_0027.png,y
12877,y/C_color_24_0028.png,y
12878,y/C_color_24_0029.png,y
12879,y/C_color_24_0030.png,y
12880,y/C_color_24_0031.png,y
12881,y/C_color_24_0032.png,y
12882,y/C_color_24_0033.png,y
12883,y/C_color_24_0034.png,y
12884,y/C_color_24_0035.png,y
12885,y/C_color_24_0036.png,y
12886,y/C_color_24_0037.png,y
12887,y/C_color_24_0038.png,y
12888,y/C_color_24_0039.png,y
12889,y/C_color_24_0040.png,y
12890,y/C_color_24_0041.png,y
12891,y/C_color_24_0042.png,y
12892,y/C_color_24_0043.png,y
12893,y/C_color_24_0044.png,y
12894,y/C_color_24_0045.png,y
12895,y/C_color_24_0046.png,y
12896,y/C_color_24_0047.png,y
12897,y/C_color_24_0048.png,y
12898,y/C_color_24_0049.png,y
12899,y/C_color_24_0050.png,y
12900,y/C_color_24_0051.png,y
12901,y/C_color_24_0052.png,y
12902,y/C_color_24_0053.png,y
12903,y/C_color_24_0054.png,y
12904,y/C_color_24_0055.png,y
12905,y/C_color_24_0056.png,y
12906,y/C_color_24_0057.png,y
12907,y/C_color_24_0058.png,y
12908,y/C_color_24_0059.png,y
12909,y/C_color_24_0060.png,y
12910,y/C_color_24_0061.png,y
12911,y/C_color_24_0062.png,y
12912,y/C_color_24_0063.png,y
12913,y/C_color_24_0064.png,y
12914,y/C_color_24_0065.png,y
12915,y/C_color_24_0066.png,y
12916,y/C_color_24_0067.png,y
12917,y/C_color_24_0068.png,y
12918,y/C_color_24_0069.png,y
12919,y/C_color_24_0070.png,y
12920,y/C_color_24_0071.png,y
12921,y/C_color_24_0072.png,y
12922,y/C_color_24_0073.png,y
12923,y/C_color_24_0074.png,y
12924,y/C_color_24_0075.png,y
12925,y/C_color_24_0076.png,y
12926,y/C_color_24_0077.png,y
12927,y/C_color_24_0078.png,y
12928,y/C_color_24_0079.png,y
12929,y/C_color_24_0080.png,y
12930,y/C_color_24_0081.png,y
12931,y/C_color_24_0082.png,y
12932,y/C_color_24_0083.png,y
12933,y/C_color_24_0084.png,y
12934,y/C_color_24_0085.png,y
12935,y/C_color_24_0086.png,y
12936,y/C_color_24_0087.png,y
12937,y/C_color_24_0088.png,y
12938,y/C_color_24_0089.png,y
12939,y/C_color_24_0090.png,y
12940,y/C_color_24_0091.png,y
12941,y/C_color_24_0092.png,y
12942,y/C_color_24_0093.png,y
12943,y/C_color_24_0094.png,y
12944,y/C_color_24_0095.png,y
12945,y/C_color_24_0096.png,y
12946,y/C_color_24_0097.png,y
12947,y/C_color_24_0098.png,y
12948,y/C_color_24_0099.png,y
12949,y/C_color_24_0100.png,y
12950,y/C_color_24_0101.png,y
12951,y/C_color_24_0102.png,y
12952,y/C_color_24_0103.png,y
12953,y/C_color_24_0104.png,y
12954,y/C_color_24_0105.png,y
12955,y/C_color_24_0106.png,y
12956,y/C_color_24_0107.png,y
12957,y/C_color_24_0108.png,y
12958,y/C_color_24_0109.png,y
12959,y/C_color_24_0110.png,y
12960,y/C_color_24_0111.png,y
12961,y/C_color_24_0112.png,y
12962,y/C_color_24_0113.png,y
12963,y/C_color_24_0114.png,y
12964,y/C_color_24_0115.png,y
12965,y/C_color_24_0116.png,y
12966,y/C_color_24_0117.png,y
12967,y/C_color_24_0118.png,y
12968,y/C_color_24_0119.png,y
12969,y/C_color_24_0120.png,y
12970,y/C_color_24_0121.png,y
12971,y/C_color_24_0122.png,y
12972,y/C_color_24_0123.png,y
12973,y/C_color_24_0124.png,y
12974,y/C_color_24_0125.png,y
12975,y/C_color_24_0126.png,y
12976,y/C_color_24_0127.png,y
12977,y/C_color_24_0128.png,y
12978,y/C_color_24_0129.png,y
12979,y/C_color_24_0130.png,y
12980,y/C_color_24_0131.png,y
12981,y/C_color_24_0132.png,y
12982,y/C_color_24_0133.png,y
12983,y/C_color_24_0134.png,y
12984,y/C_color_24_0135.png,y
12985,y/C_color_24_0136.png,y
12986,y/C_color_24_0137.png,y
12987,y/C_color_24_0138.png,y
12988,y/C_color_24_0139.png,y
12989,y/C_color_24_0140.png,y
12990,y/C_color_24_0141.png,y
12991,y/C_color_24_0142.png,y
12992,y/C_color_24_0143.png,y
12993,y/C_color_24_0144.png,y
12994,y/C_color_24_0145.png,y
12995,y/C_color_24_0146.png,y
12996,y/C_color_24_0147.png,y
12997,y/C_color_24_0148.png,y
12998,y/C_color_24_0149.png,y
12999,y/C_color_24_0150.png,y
13000,y/C_color_24_0151.png,y
13001,y/C_color_24_0152.png,y
13002,y/C_color_24_0153.png,y
13003,y/C_color_24_0154.png,y
13004,y/C_color_24_0155.png,y
13005,y/C_color_24_0156.png,y
13006,y/C_color_24_0157.png,y
13007,y/C_color_24_0158.png,y
13008,y/C_color_24_0159.png,x
13009,y/C_color_24_0160.png,x
13010,y/C_color_24_0161.png,x
13011,y/C_color_24_0162.png,x
13012,y/C_color_24_0163.png,x
13013,y/C_color_24_0164.png,y
13014,y/C_color_24_0165.png,y
13015,y/C_color_24_0166.png,y
13016,y/C_color_24_0167.png,y
13017,y/C_color_24_0168.png,y
13018,y/C_color_24_0169.png,y
13019,y/C_color_24_0170.png,y
13020,y/C_color_24_0171.png,y
13021,y/C_color_24_0172.png,y
13022,y/C_color_24_0173.png,y
13023,y/C_color_24_0174.png,y
13024,y/C_color_24_0175.png,y
13025,y/C_color_24_0176.png,y
13026,y/C_color_24_0177.png,y
13027,y/C_color_24_0178.png,y
13028,y/C_color_24_0179.png,y
13029,y/C_color_24_0180.png,y
13030,y/C_color_24_0181.png,y
13031,y/C_color_24_0182.png,y
13032,y/C_color_24_0183.png,y
13033,y/C_color_24_0184.png,y
13034,y/C_color_24_0185.png,y
13035,y/C_color_24_0186.png,y
13036,y/C_color_24_0187.png,y
13037,y/C_color_24_0188.png,y
13038,y/C_color_24_0189.png,y
13039,y/C_color_24_0190.png,y
13040,y/C_color_24_0191.png,y
13041,y/C_color_24_0192.png,y
13042,y/C_color_24_0193.png,y
13043,y/C_color_24_0194.png,p
13044,y/C_color_24_0195.png,p
13045,y/C_color_24_0196.png,p
13046,y/C_color_24_0197.png,y
13047,y/C_color_24_0198.png,y
13048,y/C_color_24_0199.png,y
13049,y/C_color_24_0200.png,y
13050,y/C_color_24_0201.png,y
13051,y/C_color_24_0202.png,y
13052,y/C_color_24_0203.png,y
13053,y/C_color_24_0204.png,y
13054,y/C_color_24_0205.png,y
13055,y/C_color_24_0206.png,y
13056,y/C_color_24_0207.png,y
13057,y/C_color_24_0208.png,y
13058,y/C_color_24_0209.png,y
13059,y/C_color_24_0210.png,y
13060,y/C_color_24_0211.png,y
13061,y/C_color_24_0212.png,y
13062,y/C_color_24_0213.png,y
13063,y/C_color_24_0214.png,y
13064,y/C_color_24_0215.png,y
13065,y/C_color_24_0216.png,y
13066,y/C_color_24_0217.png,y
13067,y/C_color_24_0218.png,y
13068,y/C_color_24_0219.png,y
13069,y/C_color_24_0220.png,y
13070,y/C_color_24_0221.png,y
13071,y/C_color_24_0222.png,y
13072,y/C_color_24_0223.png,y
13073,y/C_color_24_0224.png,y
13074,y/C_color_24_0225.png,y
13075,y/C_color_24_0226.png,y
13076,y/C_color_24_0227.png,y
13077,y/C_color_24_0228.png,y
13078,y/C_color_24_0229.png,y
13079,y/C_color_24_0230.png,y
13080,y/C_color_24_0231.png,y
13081,y/C_color_24_0232.png,y
13082,y/C_color_24_0233.png,y
13083,y/C_color_24_0234.png,y
13084,y/C_color_24_0235.png,y
13085,y/C_color_24_0236.png,y
13086,y/C_color_24_0237.png,y
13087,y/C_color_24_0238.png,y
13088,y/C_color_24_0239.png,y
13089,y/C_color_24_0240.png,y
13090,y/C_color_24_0241.png,y
13091,y/C_color_24_0242.png,y
13092,y/C_color_24_0243.png,y
13093,y/C_color_24_0244.png,y
13094,y/C_color_24_0245.png,y
13095,y/C_color_24_0246.png,y
13096,y/C_color_24_0247.png,y
13097,y/C_color_24_0248.png,y
13098,y/C_color_24_0249.png,y
13099,y/C_color_24_0250.png,y
13100,y/C_color_24_0251.png,y
13101,y/C_color_24_0252.png,y
13102,y/C_color_24_0253.png,y
13103,y/C_color_24_0254.png,y
13104,y/C_color_24_0255.png,y
13105,y/C_color_24_0256.png,y
13106,y/C_color_24_0257.png,y
13107,y/C_color_24_0258.png,y
13108,y/C_color_24_0259.png,y
13109,y/C_color_24_0260.png,y
13110,y/C_color_24_0261.png,y
13111,y/C_color_24_0262.png,y
13112,y/C_color_24_0263.png,y
13113,y/C_color_24_0264.png,y
13114,y/C_color_24_0265.png,y
13115,y/C_color_24_0266.png,y
13116,y/C_color_24_0267.png,y
13117,y/C_color_24_0268.png,y
13118,y/C_color_24_0269.png,y
13119,y/C_color_24_0270.png,y
13120,y/C_color_24_0271.png,y
13121,y/C_color_24_0272.png,y
13122,y/C_color_24_0273.png,y
13123,y/C_color_24_0274.png,y
13124,y/C_color_24_0275.png,y
13125,y/C_color_24_0276.png,y
13126,y/C_color_24_0277.png,y
13127,y/C_color_24_0278.png,y
13128,y/C_color_24_0279.png,y
13129,y/C_color_24_0280.png,y
13130,y/C_color_24_0281.png,y
13131,y/C_color_24_0282.png,y
13132,y/C_color_24_0283.png,y
13133,y/C_color_24_0284.png,y
13134,y/C_color_24_0285.png,y
13135,y/C_color_24_0286.png,y
13136,y/C_color_24_0287.png,y
13137,y/C_color_24_0288.png,y
13138,y/C_color_24_0289.png,y
13139,y/C_color_24_0290.png,y
13140,y/C_color_24_0291.png,y
13141,y/C_color_24_0292.png,y
13142,y/C_color_24_0293.png,y
13143,y/C_color_24_0294.png,y
13144,y/C_color_24_0295.png,y
13145,y/C_color_24_0296.png,y
13146,y/C_color_24_0297.png,y
13147,y/C_color_24_0298.png,y
13148,y/C_color_24_0299.png,y
13149,y/C_color_24_0300.png,y
13150,y/C_color_24_0301.png,y
13151,y/C_color_24_0302.png,y
13152,y/C_color_24_0303.png,y
13153,y/C_color_24_0304.png,y
13154,y/C_color_24_0305.png,y
13155,y/C_color_24_0306.png,y
13156,y/C_color_24_0307.png,y
13157,y/C_color_24_0308.png,y
13158,y/C_color_24_0309.png,y
13159,y/C_color_24_0310.png,y
13160,y/C_color_24_0311.png,y
13161,y/C_color_24_0312.png,y
13162,y/C_color_24_0313.png,y
13163,y/C_color_24_0314.png,y
13164,y/C_color_24_0315.png,y
13165,y/C_color_24_0316.png,y
13166,y/C_color_24_0317.png,y
13167,y/C_color_24_0318.png,y
13168,y/C_color_24_0319.png,y
13169,y/C_color_24_0320.png,y
13170,y/C_color_24_0321.png,y
13171,y/C_color_24_0322.png,y
13172,y/C_color_24_0323.png,y
13173,y/C_color_24_0324.png,y
13174,y/C_color_24_0325.png,y
13175,y/C_color_24_0326.png,y
13176,y/C_color_24_0327.png,y
13177,y/C_color_24_0328.png,y
13178,y/C_color_24_0329.png,y
13179,y/C_color_24_0330.png,y
13180,y/C_color_24_0331.png,y
13181,y/C_color_24_0332.png,y
13182,y/C_color_24_0333.png,y
13183,y/C_color_24_0334.png,y
13184,y/C_color_24_0335.png,y
13185,y/C_color_24_0336.png,y
13186,y/C_color_24_0337.png,y
13187,y/C_color_24_0338.png,y
13188,y/C_color_24_0339.png,y
13189,y/C_color_24_0340.png,y
13190,y/C_color_24_0341.png,y
13191,y/C_color_24_0342.png,y
13192,y/C_color_24_0343.png,y
13193,y/C_color_24_0344.png,y
13194,y/C_color_24_0345.png,y
13195,y/C_color_24_0346.png,y
13196,y/C_color_24_0347.png,y
13197,y/C_color_24_0348.png,y
13198,y/C_color_24_0349.png,y
13199,y/C_color_24_0350.png,y
13200,y/C_color_24_0351.png,y
13201,y/C_color_24_0352.png,y
13202,y/C_color_24_0353.png,y
13203,y/C_color_24_0354.png,y
13204,y/C_color_24_0355.png,y
13205,y/C_color_24_0356.png,y
13206,y/C_color_24_0357.png,y
13207,y/C_color_24_0358.png,y
13208,y/C_color_24_0359.png,y
13209,y/C_color_24_0360.png,y
13210,y/C_color_24_0361.png,y
13211,y/C_color_24_0362.png,y
13212,y/C_color_24_0363.png,y
13213,y/C_color_24_0364.png,y
13214,y/C_color_24_0365.png,y
13215,y/C_color_24_0366.png,y
13216,y/C_color_24_0367.png,y
13217,y/C_color_24_0368.png,y
13218,y/C_color_24_0369.png,y
13219,y/C_color_24_0370.png,y
13220,y/C_color_24_0371.png,y
13221,y/C_color_24_0372.png,y
13222,y/C_color_24_0373.png,y
13223,y/C_color_24_0374.png,y
13224,y/C_color_24_0375.png,y
13225,y/C_color_24_0376.png,y
13226,y/C_color_24_0377.png,y
13227,y/C_color_24_0378.png,y
13228,y/C_color_24_0379.png,y
13229,y/C_color_24_0380.png,y
13230,y/C_color_24_0381.png,y
13231,y/C_color_24_0382.png,y
13232,y/C_color_24_0383.png,y
13233,y/C_color_24_0384.png,y
13234,y/C_color_24_0385.png,y
13235,y/C_color_24_0386.png,y
13236,y/C_color_24_0387.png,y
13237,y/C_color_24_0388.png,y
13238,y/C_color_24_0389.png,y
13239,y/C_color_24_0390.png,y
13240,y/C_color_24_0391.png,y
13241,y/C_color_24_0392.png,y
13242,y/C_color_24_0393.png,y
13243,y/C_color_24_0394.png,y
13244,y/C_color_24_0395.png,y
13245,y/C_color_24_0396.png,y
13246,y/C_color_24_0397.png,y
13247,y/C_color_24_0398.png,y
13248,y/C_color_24_0399.png,y
13249,y/C_color_24_0400.png,y
13250,y/C_color_24_0401.png,y
13251,y/C_color_24_0402.png,y
13252,y/C_color_24_0403.png,y
13253,y/C_color_24_0404.png,y
13254,y/C_color_24_0405.png,y
13255,y/C_color_24_0406.png,y
13256,y/C_color_24_0407.png,y
13257,y/C_color_24_0408.png,y
13258,y/C_color_24_0409.png,y
13259,y/C_color_24_0410.png,y
13260,y/C_color_24_0411.png,y
13261,y/C_color_24_0412.png,y
13262,y/C_color_24_0413.png,y
13263,y/C_color_24_0414.png,y
13264,y/C_color_24_0415.png,y
13265,y/C_color_24_0416.png,y
13266,y/C_color_24_0417.png,y
13267,y/C_color_24_0418.png,y
13268,y/C_color_24_0419.png,y
13269,y/C_color_24_0420.png,y
13270,y/C_color_24_0421.png,y
13271,y/C_color_24_0422.png,y
13272,y/C_color_24_0423.png,y
13273,y/C_color_24_0424.png,y
13274,y/C_color_24_0425.png,y
13275,y/C_color_24_0426.png,y
13276,y/C_color_24_0427.png,y
13277,y/C_color_24_0428.png,y
13278,y/C_color_24_0429.png,y
13279,y/C_color_24_0430.png,y
13280,y/C_color_24_0431.png,y
13281,y/C_color_24_0432.png,y
13282,y/C_color_24_0433.png,y
13283,y/C_color_24_0434.png,y
13284,y/C_color_24_0435.png,y
13285,y/C_color_24_0436.png,y
13286,y/C_color_24_0437.png,y
13287,y/C_color_24_0438.png,y
13288,y/C_color_24_0439.png,y
13289,y/C_color_24_0440.png,y
13290,y/C_color_24_0441.png,y
13291,y/C_color_24_0442.png,y
13292,y/C_color_24_0443.png,y
13293,y/C_color_24_0444.png,y
13294,y/C_color_24_0445.png,x
13295,y/C_color_24_0446.png,y
13296,y/C_color_24_0447.png,x
13297,y/C_color_24_0448.png,y
13298,y/C_color_24_0449.png,y
13299,y/C_color_24_0450.png,y
13300,y/C_color_24_0451.png,y
13301,y/C_color_24_0452.png,y
13302,y/C_color_24_0453.png,y
13303,y/C_color_24_0454.png,y
13304,y/C_color_24_0455.png,y
13305,y/C_color_24_0456.png,y
13306,y/C_color_24_0457.png,y
13307,y/C_color_24_0458.png,y
13308,y/C_color_24_0459.png,y
13309,y/C_color_24_0460.png,y
13310,y/C_color_24_0461.png,y
13311,y/C_color_24_0462.png,y
13312,y/C_color_24_0463.png,y
13313,y/C_color_24_0464.png,y
13314,y/C_color_24_0465.png,y
13315,y/C_color_24_0466.png,y
13316,y/C_color_24_0467.png,y
13317,y/C_color_24_0468.png,y
13318,y/C_color_24_0469.png,y
13319,y/C_color_24_0470.png,x
13320,y/C_color_24_0471.png,p
13321,y/C_color_24_0472.png,p
13322,y/C_color_24_0473.png,p
13323,y/C_color_24_0474.png,x
13324,y/C_color_24_0475.png,x
13325,y/C_color_24_0476.png,y
13326,y/C_color_24_0477.png,y
13327,y/C_color_24_0478.png,y
13328,y/C_color_24_0479.png,y
13329,y/C_color_24_0480.png,y
13330,y/C_color_24_0481.png,y
13331,y/C_color_24_0482.png,y
13332,y/C_color_24_0483.png,y
13333,y/C_color_24_0484.png,q
13334,y/C_color_24_0485.png,y
13335,y/C_color_24_0486.png,y
13336,y/C_color_24_0487.png,y
13337,y/C_color_24_0488.png,y
13338,y/C_color_24_0489.png,y
13339,y/C_color_24_0490.png,y
13340,y/C_color_24_0491.png,y
13341,y/C_color_24_0492.png,y
13342,y/C_color_24_0493.png,y
13343,y/C_color_24_0494.png,y
13344,y/C_color_24_0495.png,y
13345,y/C_color_24_0496.png,y
13346,y/C_color_24_0497.png,y
13347,y/C_color_24_0498.png,y
13348,y/C_color_24_0499.png,p
13349,y/C_color_24_0500.png,p
13350,y/C_color_24_0501.png,p
13351,y/C_color_24_0502.png,p
13352,y/C_color_24_0503.png,p
13353,y/C_color_24_0504.png,p
13354,y/C_color_24_0505.png,p
13355,y/C_color_24_0506.png,y
13356,y/C_color_24_0507.png,y
13357,y/C_color_24_0508.png,y
13358,y/C_color_24_0509.png,y
13359,y/C_color_24_0510.png,y
13360,y/C_color_24_0511.png,y
13361,y/C_color_24_0512.png,y
13362,y/C_color_24_0513.png,y
13363,y/C_color_24_0514.png,y
13364,y/C_color_24_0515.png,y
13365,y/C_color_24_0516.png,y
13366,y/C_color_24_0517.png,y
13367,y/C_color_24_0518.png,y
13368,y/C_color_24_0519.png,y
13369,y/C_color_24_0520.png,y
13370,y/C_color_24_0521.png,y
13371,y/C_color_24_0522.png,y
13372,y/C_color_24_0523.png,y
13373,y/C_color_24_0524.png,y
13374,y/C_color_24_0525.png,y
13375,y/C_color_24_0526.png,y
13376,y/C_color_24_0527.png,y
13377,y/C_color_24_0528.png,y
13378,y/C_color_24_0529.png,y
13379,y/C_color_24_0530.png,y
13380,y/C_color_24_0531.png,y
13381,y/C_color_24_0532.png,y
13382,y/C_color_24_0533.png,y
13383,y/C_color_24_0534.png,y
13384,y/C_color_24_0535.png,y
13385,y/C_color_24_0536.png,y
13386,y/C_color_24_0537.png,y
13387,y/C_color_24_0538.png,y
13388,y/C_color_24_0539.png,y
13389,y/C_color_24_0540.png,y
13390,y/C_color_24_0541.png,y
13391,y/C_color_24_0542.png,y
13392,y/C_color_24_0543.png,y
